{
	"asset": {
		"generator": "VISUALIZEGLTF",
		"version" : "2.0"
	},
	"extensionsUsed": [ "KHR_draco_mesh_compression","KHR_texture_transform" ],
	"extensionsRequired": [ "KHR_draco_mesh_compression" ],
	"scenes": [
		{
			"name": "Default",
			"nodes": [
				0]
		}
	],
	"nodes": [
		{
			"children": [
				1, 1165, 1166, 1167, 1168, 1169, 1170, 1171, 1172
			]
			,"name": "Root"		}
,
		{
			"children": [
				2, 36, 51, 99, 102, 105, 107, 109, 130, 132, 134, 136, 138, 140, 142, 144, 146, 148, 150, 152, 154, 157, 160, 163, 166, 169, 172, 175, 178, 182, 186, 190, 194, 198, 202, 206, 210, 214, 218, 222, 226, 230, 234, 238, 242, 244, 246, 248, 250, 252, 254, 256, 258, 260, 262, 264, 266, 268, 270, 272, 274, 278, 282, 286, 290, 292, 294, 296, 298, 300, 302, 304, 306, 310, 314, 318, 322, 326, 330, 334, 338, 342, 346, 350, 354, 358, 362, 366, 370, 372, 374, 376, 378, 380, 382, 384, 386, 388, 390, 392, 394, 396, 398, 400, 402, 404, 406, 408, 410, 412, 414, 416, 418, 420, 422, 424, 426, 428, 430, 432, 434, 436, 438, 440, 442, 444, 446, 448, 450, 465, 480, 495, 510, 512, 514, 516, 518, 520, 522, 524, 526, 531, 536, 603, 637, 639, 646, 653, 655, 657, 659, 661, 663, 665, 667, 669, 681, 684, 700, 717, 724, 726, 728, 730, 735, 737, 739, 741, 743, 745, 747, 749, 751, 753, 755, 757, 759, 761, 763, 765, 767, 769, 771, 773, 775, 777, 779, 781, 783, 785, 787, 789, 791, 793, 795, 797, 799, 801, 803, 805, 807, 809, 811, 816, 821, 823, 825, 827, 829, 831, 833, 835, 837, 839, 841, 843, 845, 847, 849, 851, 853, 855, 857, 859, 861, 863, 865, 867, 869, 871, 873, 875, 877, 879, 881, 884, 886, 888, 890, 892, 894, 896, 898, 900, 902, 904, 906, 908, 910, 912, 914, 916, 918, 920, 922, 924, 926, 928, 930, 932, 934, 937, 940, 943, 946, 949, 952, 955, 958, 962, 966, 970, 974, 978, 982, 986, 990, 994, 998, 1002, 1006, 1010, 1014, 1018, 1022, 1026, 1033, 1088, 1119, 1150
			]
			,"matrix": [
				1,					0,					0,					0,
				0,					1,					0,					0,
				0,					0,					1,					0,
				0,					1.877258,					0,					1
			]
			,"name": "E3RX625022WM-7 (Default)"		}
,
		{
			"children": [
				3, 5, 7, 9, 11, 13, 15, 17, 19, 21, 23, 25, 27, 29
			]
			,"name": "0001-1536-2"		}
,
		{
			"children": [
				4
			]
			,"matrix": [
				1,					0,					0,					0,
				0,					1,					0,					0,
				0,					0,					1,					0,
				0.3148584,					-0.7847584,					-0.2307194,					1
			]
			,"name": "0001-1536-1"		}
,
		{
			"mesh": 0
			,"name": "0001-1536-1 - Part"		}
,
		{
			"children": [
				6
			]
			,"matrix": [
				0.9659258,					-1.512216E-16,					0.258819,					0,
				-1.03375E-16,					-1,					-2.55321E-17,					0,
				0.258819,					-4.421262E-17,					-0.9659258,					0,
				-0.0006607971,					-0.1205484,					0.3362152,					1
			]
			,"name": "80mm Weld Hinge Male-1"		}
,
		{
			"mesh": 1
			,"name": "80mm Weld Hinge Male-1 - Part"		}
,
		{
			"children": [
				8
			]
			,"matrix": [
				1,					0,					0,					0,
				0,					0,					1,					0,
				0,					-1,					0,					0,
				0.1021334,					-0.0545084,					-0.2280778,					1
			]
			,"name": "#3-8-18 SST Weld Stud-1"		}
,
		{
			"mesh": 2
			,"name": "#3-8-18 SST Weld Stud-1 - Part"		}
,
		{
			"children": [
				10
			]
			,"matrix": [
				1,					0,					0,					0,
				0,					0,					1,					0,
				0,					-1,					0,					0,
				0.1021334,					-0.7847584,					-0.2280778,					1
			]
			,"name": "#3-8-18 SST Weld Stud-2"		}
,
		{
			"mesh": 3
			,"name": "#3-8-18 SST Weld Stud-2 - Part"		}
,
		{
			"children": [
				12
			]
			,"matrix": [
				1,					0,					0,					0,
				0,					0,					1,					0,
				0,					-1,					0,					0,
				0.1021334,					-1.515008,					-0.2280778,					1
			]
			,"name": "#3-8-18 SST Weld Stud-3"		}
,
		{
			"mesh": 4
			,"name": "#3-8-18 SST Weld Stud-3 - Part"		}
,
		{
			"children": [
				14
			]
			,"matrix": [
				1.217388E-29,					-1,					-3.489109E-15,					0,
				1,					0,					3.489109E-15,					0,
				-3.489109E-15,					-3.489109E-15,					1,					0,
				-1.332268E-15,					-1.527708,					0.3045651,					1
			]
			,"name": "#1-4-20 SST Weld Stud-1"		}
,
		{
			"mesh": 5
			,"name": "#1-4-20 SST Weld Stud-1 - Part"		}
,
		{
			"children": [
				16
			]
			,"matrix": [
				1.217388E-29,					-1,					-3.489109E-15,					0,
				1,					0,					3.489109E-15,					0,
				-3.489109E-15,					-3.489109E-15,					1,					0,
				-1.110223E-16,					-0.0592709,					-0.02487783,					1
			]
			,"name": "#10-32 SST Weld Stud-1"		}
,
		{
			"mesh": 6
			,"name": "#10-32 SST Weld Stud-1 - Part"		}
,
		{
			"children": [
				18
			]
			,"matrix": [
				1.217388E-29,					-1,					-3.489109E-15,					0,
				1,					0,					3.489109E-15,					0,
				-3.489109E-15,					-3.489109E-15,					1,					0,
				-1.110223E-16,					-1.510246,					-0.02487783,					1
			]
			,"name": "#10-32 SST Weld Stud-2"		}
,
		{
			"mesh": 7
			,"name": "#10-32 SST Weld Stud-2 - Part"		}
,
		{
			"children": [
				20
			]
			,"matrix": [
				5.238865E-16,					-0.9873505,					-0.1585528,					0,
				1,					2.081668E-17,					3.469447E-15,					0,
				-3.441691E-15,					-0.1585528,					0.9873505,					0,
				-1.110223E-15,					-0.0592709,					0.2926222,					1
			]
			,"name": "#10-32 SST Weld Stud-3"		}
,
		{
			"mesh": 8
			,"name": "#10-32 SST Weld Stud-3 - Part"		}
,
		{
			"children": [
				22
			]
			,"matrix": [
				1.217388E-29,					-1,					-3.489109E-15,					0,
				1,					0,					3.489109E-15,					0,
				-3.489109E-15,					-3.489109E-15,					1,					0,
				2.220446E-16,					-0.1079627,					-0.1545194,					1
			]
			,"name": "#1-4-20 SST Weld Stud-2"		}
,
		{
			"mesh": 9
			,"name": "#1-4-20 SST Weld Stud-2 - Part"		}
,
		{
			"children": [
				24
			]
			,"matrix": [
				1.217388E-29,					-1,					-3.489109E-15,					0,
				1,					0,					3.489109E-15,					0,
				-3.489109E-15,					-3.489109E-15,					1,					0,
				-9.992007E-16,					-0.1079627,					0.1756806,					1
			]
			,"name": "#1-4-20 SST Weld Stud-3"		}
,
		{
			"mesh": 10
			,"name": "#1-4-20 SST Weld Stud-3 - Part"		}
,
		{
			"children": [
				26
			]
			,"matrix": [
				1.217388E-29,					-1,					-3.489109E-15,					0,
				1,					0,					3.489109E-15,					0,
				-3.489109E-15,					-3.489109E-15,					1,					0,
				3.330669E-16,					-1.098563,					-0.1545194,					1
			]
			,"name": "#1-4-20 SST Weld Stud-4"		}
,
		{
			"mesh": 11
			,"name": "#1-4-20 SST Weld Stud-4 - Part"		}
,
		{
			"children": [
				28
			]
			,"matrix": [
				1.217388E-29,					-1,					-3.489109E-15,					0,
				1,					0,					3.489109E-15,					0,
				-3.489109E-15,					-3.489109E-15,					1,					0,
				-8.881784E-16,					-1.098563,					0.1756806,					1
			]
			,"name": "#1-4-20 SST Weld Stud-5"		}
,
		{
			"mesh": 12
			,"name": "#1-4-20 SST Weld Stud-5 - Part"		}
,
		{
			"children": [
				30, 32, 34
			]
			,"name": "LocalLPattern1-1"		}
,
		{
			"children": [
				31
			]
			,"matrix": [
				0.9659258,					-1.512216E-16,					0.258819,					0,
				-1.03375E-16,					-1,					-2.55321E-17,					0,
				0.258819,					-4.421262E-17,					-0.9659258,					0,
				-0.0006607971,					-0.5650484,					0.3362152,					1
			]
			,"name": "80mm Weld Hinge Male-2"		}
,
		{
			"mesh": 13
			,"name": "80mm Weld Hinge Male-2 - Part"		}
,
		{
			"children": [
				33
			]
			,"matrix": [
				0.9659258,					-1.512216E-16,					0.258819,					0,
				-1.03375E-16,					-1,					-2.55321E-17,					0,
				0.258819,					-4.421262E-17,					-0.9659258,					0,
				-0.0006607971,					-1.009548,					0.3362152,					1
			]
			,"name": "80mm Weld Hinge Male-3"		}
,
		{
			"mesh": 14
			,"name": "80mm Weld Hinge Male-3 - Part"		}
,
		{
			"children": [
				35
			]
			,"matrix": [
				0.9659258,					-1.512216E-16,					0.258819,					0,
				-1.03375E-16,					-1,					-2.55321E-17,					0,
				0.258819,					-4.421262E-17,					-0.9659258,					0,
				-0.0006607971,					-1.454048,					0.3362152,					1
			]
			,"name": "80mm Weld Hinge Male-4"		}
,
		{
			"mesh": 15
			,"name": "80mm Weld Hinge Male-4 - Part"		}
,
		{
			"children": [
				37, 39, 41, 43, 45, 47, 49
			]
			,"name": "0001-1534-1"		}
,
		{
			"children": [
				38
			]
			,"matrix": [
				1,					0,					0,					0,
				0,					1,					0,					0,
				0,					0,					1,					0,
				0.6323076,					0.0026416,					0.04908697,					1
			]
			,"name": "0001-1534-1 2"		}
,
		{
			"mesh": 16
			,"name": "0001-1534-1 2 - Part"		}
,
		{
			"children": [
				40
			]
			,"matrix": [
				0.8371691,					-4.314629E-31,					0.5469441,					0,
				4.314629E-31,					-1,					-1.449271E-30,					0,
				0.5469441,					1.449271E-30,					-0.8371691,					0,
				0.0735076,					-5.997806E-16,					-0.02624943,					1
			]
			,"name": "#10-32 SST Weld Stud-1 2"		}
,
		{
			"mesh": 17
			,"name": "#10-32 SST Weld Stud-1 2 - Part"		}
,
		{
			"children": [
				42
			]
			,"matrix": [
				0.8371691,					-4.314629E-31,					0.5469441,					0,
				4.314629E-31,					-1,					-1.449271E-30,					0,
				0.5469441,					1.449271E-30,					-0.8371691,					0,
				1.191108,					-6.002143E-16,					-0.02624943,					1
			]
			,"name": "#10-32 SST Weld Stud-2 2"		}
,
		{
			"mesh": 18
			,"name": "#10-32 SST Weld Stud-2 2 - Part"		}
,
		{
			"children": [
				44
			]
			,"matrix": [
				0.9252429,					0,					0.3793753,					0,
				1.12757E-17,					-1,					0,					0,
				0.3793753,					-2.775558E-17,					-0.9252429,					0,
				0.0735076,					-5.99347E-16,					0.2912506,					1
			]
			,"name": "#10-32 SST Weld Stud-3 2"		}
,
		{
			"mesh": 19
			,"name": "#10-32 SST Weld Stud-3 2 - Part"		}
,
		{
			"children": [
				46
			]
			,"matrix": [
				0.9852714,					4.163336E-17,					0.1709979,					0,
				1.214306E-17,					-1,					0,					0,
				0.1709979,					-5.551115E-17,					-0.9852714,					0,
				1.191108,					-6.002143E-16,					0.2912506,					1
			]
			,"name": "#10-32 SST Weld Stud-5"		}
,
		{
			"mesh": 20
			,"name": "#10-32 SST Weld Stud-5 - Part"		}
,
		{
			"children": [
				48
			]
			,"matrix": [
				0.8371691,					0,					0.5469441,					0,
				0,					-1,					0,					0,
				0.5469441,					0,					-0.8371691,					0,
				0.4406646,					-5.967449E-16,					-0.04468414,					1
			]
			,"name": "#8-32 SST Weld Stud-1"		}
,
		{
			"mesh": 21
			,"name": "#8-32 SST Weld Stud-1 - Part"		}
,
		{
			"children": [
				50
			]
			,"matrix": [
				0.8371691,					0,					0.5469441,					0,
				0,					-1,					0,					0,
				0.5469441,					0,					-0.8371691,					0,
				0.8239506,					-5.967449E-16,					-0.04468414,					1
			]
			,"name": "#8-32 SST Weld Stud-2"		}
,
		{
			"mesh": 22
			,"name": "#8-32 SST Weld Stud-2 - Part"		}
,
		{
			"children": [
				52, 81, 85, 92
			]
			,"name": "LATCH COMPONENTS-1"		}
,
		{
			"children": [
				53, 55, 57, 59, 61, 63, 65, 67, 69, 71, 73, 75, 77, 79
			]
			,"matrix": [
				-0.006775093,					-0.9996573,					0.02528499,					0,
				-0.2587304,					0.02617695,					0.9655948,					0,
				-0.9659258,					-1.554312E-15,					-0.258819,					0,
				-0.3326823,					-0.7851738,					1.4976,					1
			]
			,"name": "Latch - L Handle - HD Padlockable-1"		}
,
		{
			"children": [
				54
			]
			,"name": "012103_012102-1-surface1"		}
,
		{
			"mesh": 23
			,"name": "012103_012102-1-surface1 - Part"		}
,
		{
			"children": [
				56
			]
			,"name": "26133107-1-surface1"		}
,
		{
			"mesh": 24
			,"name": "26133107-1-surface1 - Part"		}
,
		{
			"children": [
				58
			]
			,"name": "297026-1-surface1"		}
,
		{
			"mesh": 25
			,"name": "297026-1-surface1 - Part"		}
,
		{
			"children": [
				60
			]
			,"name": "297025-1-surface1"		}
,
		{
			"mesh": 26
			,"name": "297025-1-surface1 - Part"		}
,
		{
			"children": [
				62
			]
			,"name": "26161102-1-surface1"		}
,
		{
			"mesh": 27
			,"name": "26161102-1-surface1 - Part"		}
,
		{
			"children": [
				64
			]
			,"name": "00005310_26163101-1/00005309_G26103101-1-surface1"		}
,
		{
			"mesh": 28
			,"name": "00005310_26163101-1/00005309_G26103101-1-surface1 - Part"		}
,
		{
			"children": [
				66
			]
			,"name": "00005310_26163101-1/00005309_G26103101-1-surface2"		}
,
		{
			"mesh": 29
			,"name": "00005310_26163101-1/00005309_G26103101-1-surface2 - Part"		}
,
		{
			"children": [
				68
			]
			,"name": "00005310_26163101-1/00005309_G26103101-1-surface3"		}
,
		{
			"mesh": 30
			,"name": "00005310_26163101-1/00005309_G26103101-1-surface3 - Part"		}
,
		{
			"children": [
				70
			]
			,"name": "00005310_26163101-1/2616310101-1-surface1"		}
,
		{
			"mesh": 31
			,"name": "00005310_26163101-1/2616310101-1-surface1 - Part"		}
,
		{
			"children": [
				72
			]
			,"name": "022151-1-surface1"		}
,
		{
			"mesh": 32
			,"name": "022151-1-surface1 - Part"		}
,
		{
			"children": [
				74
			]
			,"name": "033060_032151-1-surface1"		}
,
		{
			"mesh": 33
			,"name": "033060_032151-1-surface1 - Part"		}
,
		{
			"children": [
				76
			]
			,"name": "033060_032151-2-surface1"		}
,
		{
			"mesh": 34
			,"name": "033060_032151-2-surface1 - Part"		}
,
		{
			"children": [
				78
			]
			,"name": "g26103103_26163303-1-surface1"		}
,
		{
			"mesh": 35
			,"name": "g26103103_26163303-1-surface1 - Part"		}
,
		{
			"children": [
				80
			]
			,"name": "21130102-1-surface1"		}
,
		{
			"mesh": 36
			,"name": "21130102-1-surface1 - Part"		}
,
		{
			"children": [
				82, 83, 84
			]
			,"matrix": [
				0.2587304,					-0.02617695,					-0.9655948,					0,
				0.006775093,					0.9996573,					-0.02528499,					0,
				0.9659258,					1.683117E-15,					0.258819,					0,
				-0.3088305,					-0.7842229,					1.504017,					1
			]
			,"name": "3-PT Cam-1"		}
,
		{
			"mesh": 37
			,"name": "3-PT Cam-1 - Part"		}
,
		{
			"mesh": 38
			,"name": "3-PT Cam-1 - Part 2"		}
,
		{
			"mesh": 39
			,"name": "3-PT Cam-1 - Part 3"		}
,
		{
			"children": [
				86, 88, 90
			]
			,"name": "0000-0827-1"		}
,
		{
			"children": [
				87
			]
			,"matrix": [
				0.258819,					0.0003999881,					-0.9659258,					0,
				0.9659258,					2.584468E-15,					0.258819,					0,
				0.0001035245,					-0.9999999,					-0.0003863588,					0,
				-0.3133219,					-1.532979,					1.513517,					1
			]
			,"name": "0000-0827-1 2"		}
,
		{
			"mesh": 40
			,"name": "0000-0827-1 2 - Part"		}
,
		{
			"children": [
				89
			]
			,"matrix": [
				-0.7557944,					0.6227898,					-0.2022566,					0,
				0.258819,					0.0003999881,					-0.9659258,					0,
				-0.6014878,					-0.7823891,					-0.1614922,					0,
				-0.3009258,					-1.548345,					1.514361,					1
			]
			,"name": "0000-0648-1"		}
,
		{
			"mesh": 41
			,"name": "0000-0648-1 - Part"		}
,
		{
			"children": [
				91
			]
			,"matrix": [
				0.2856834,					-0.9552935,					0.07615305,					0,
				0.258819,					0.0003999881,					-0.9659258,					0,
				0.9227121,					0.2956588,					0.2473624,					0,
				-0.2962846,					-1.548338,					1.497039,					1
			]
			,"name": "Semi-Tube Rivet Oval-1"		}
,
		{
			"mesh": 42
			,"name": "Semi-Tube Rivet Oval-1 - Part"		}
,
		{
			"children": [
				93, 95, 97
			]
			,"name": "0000-0827-2"		}
,
		{
			"children": [
				94
			]
			,"matrix": [
				-0.258819,					-0.0002471191,					0.9659258,					0,
				0.9659258,					2.086593E-15,					0.258819,					0,
				-6.395913E-05,					0.9999999,					0.0002386987,					0,
				-0.3079412,					-0.03546855,					1.493436,					1
			]
			,"name": "0000-0827-1 3"		}
,
		{
			"mesh": 43
			,"name": "0000-0827-1 3 - Part"		}
,
		{
			"children": [
				96
			]
			,"matrix": [
				-0.7556901,					-0.6227898,					-0.2026459,					0,
				-0.258819,					-0.0002471191,					0.9659258,					0,
				-0.6016188,					0.7823892,					-0.1610031,					0,
				-0.2967836,					-0.02010215,					1.498902,					1
			]
			,"name": "0000-0648-1 2"		}
,
		{
			"mesh": 44
			,"name": "0000-0648-1 2 - Part"		}
,
		{
			"children": [
				98
			]
			,"matrix": [
				0.2855234,					0.9552935,					0.07675017,					0,
				-0.258819,					-0.0002471191,					0.9659258,					0,
				0.9227617,					-0.2956589,					0.2471776,					0,
				-0.3014248,					-0.02010658,					1.516223,					1
			]
			,"name": "Semi-Tube Rivet Oval-1 2"		}
,
		{
			"mesh": 45
			,"name": "Semi-Tube Rivet Oval-1 2 - Part"		}
,
		{
			"children": [
				100
			]
			,"name": "0000-0909-1"		}
,
		{
			"children": [
				101
			]
			,"matrix": [
				-0.258819,					-0.0002471191,					0.9659258,					0,
				0.9659258,					1.559319E-15,					0.258819,					0,
				-6.395913E-05,					0.9999999,					0.0002386987,					0,
				-0.3067163,					-0.3090271,					1.496127,					1
			]
			,"name": "0000-0909-1 2"		}
,
		{
			"mesh": 46
			,"name": "0000-0909-1 2 - Part"		}
,
		{
			"children": [
				103
			]
			,"name": "0000-0909-2"		}
,
		{
			"children": [
				104
			]
			,"matrix": [
				0.258819,					0.0003999881,					-0.9659258,					0,
				0.9659258,					2.612765E-15,					0.258819,					0,
				0.0001035245,					-0.9999999,					-0.0003863588,					0,
				-0.3109266,					-1.25942,					1.51184,					1
			]
			,"name": "0000-0909-1 3"		}
,
		{
			"mesh": 47
			,"name": "0000-0909-1 3 - Part"		}
,
		{
			"children": [
				106
			]
			,"matrix": [
				-0.08368054,					0.9462908,					0.3123,					0,
				-0.9659258,					-6.600478E-16,					-0.258819,					0,
				-0.2449181,					-0.3233168,					0.9140467,					0,
				-0.3119903,					-1.473429,					1.503118,					1
			]
			,"name": "0000-0648-1 3"		}
,
		{
			"mesh": 48
			,"name": "0000-0648-1 3 - Part"		}
,
		{
			"children": [
				108
			]
			,"matrix": [
				-0.1681015,					-0.7603664,					0.6273634,					0,
				-0.9659258,					-2.344744E-15,					-0.258819,					0,
				0.1967973,					-0.6494944,					-0.7344576,					0,
				-0.3119903,					-0.0949198,					1.503118,					1
			]
			,"name": "0000-0648-2"		}
,
		{
			"mesh": 49
			,"name": "0000-0648-2 - Part"		}
,
		{
			"children": [
				110, 112, 114, 116, 118, 120, 122, 124, 126, 128
			]
			,"name": "FASTENERS-1"		}
,
		{
			"children": [
				111
			]
			,"matrix": [
				1,					-0.0002425614,					1.328798E-15,					0,
				1.329273E-15,					1.956765E-15,					-1,					0,
				0.0002425614,					1,					1.957088E-15,					0,
				0.1021334,					-1.515008,					-0.1984106,					1
			]
			,"name": "#3-8-Flat-Reg-1"		}
,
		{
			"mesh": 50
			,"name": "#3-8-Flat-Reg-1 - Part"		}
,
		{
			"children": [
				113
			]
			,"matrix": [
				0.2835051,					-0.9589707,					7.160071E-16,					0,
				1.498801E-15,					-3.047246E-16,					-1,					0,
				0.9589707,					0.2835051,					1.353952E-15,					0,
				0.1021334,					-0.7847584,					-0.1984106,					1
			]
			,"name": "#3-8-Flat-Reg-9"		}
,
		{
			"mesh": 51
			,"name": "#3-8-Flat-Reg-9 - Part"		}
,
		{
			"children": [
				115
			]
			,"matrix": [
				0.1126745,					-0.993632,					1.37943E-15,					0,
				1.203031E-15,					-1.213601E-15,					-1,					0,
				0.993632,					0.1126745,					9.06393E-16,					0,
				0.1021334,					-0.0545084,					-0.1984106,					1
			]
			,"name": "#3-8-Flat-Reg-11"		}
,
		{
			"mesh": 52
			,"name": "#3-8-Flat-Reg-11 - Part"		}
,
		{
			"children": [
				117
			]
			,"matrix": [
				-0.06157963,					-0.9981022,					9.093746E-16,					0,
				1.039099E-15,					-9.752201E-16,					-1,					0,
				0.9981022,					-0.06157963,					1.09808E-15,					0,
				1.162583,					-0.0545084,					-0.1984106,					1
			]
			,"name": "#3-8-Flat-Reg-13"		}
,
		{
			"mesh": 53
			,"name": "#3-8-Flat-Reg-13 - Part"		}
,
		{
			"children": [
				119
			]
			,"matrix": [
				-0.2339627,					-0.9722456,					8.216084E-16,					0,
				6.983429E-16,					-1.013113E-15,					-1,					0,
				0.9722456,					-0.2339627,					9.159915E-16,					0,
				1.162583,					-0.7847584,					-0.1984106,					1
			]
			,"name": "#3-8-Flat-Reg-15"		}
,
		{
			"mesh": 54
			,"name": "#3-8-Flat-Reg-15 - Part"		}
,
		{
			"children": [
				121
			]
			,"matrix": [
				-0.399237,					-0.9168478,					7.261986E-16,					0,
				4.588344E-16,					-1.042447E-15,					-1,					0,
				0.9168478,					-0.399237,					8.400398E-16,					0,
				1.162583,					-1.515008,					-0.1984106,					1
			]
			,"name": "#3-8-Flat-Reg-17"		}
,
		{
			"mesh": 55
			,"name": "#3-8-Flat-Reg-17 - Part"		}
,
		{
			"children": [
				123
			]
			,"matrix": [
				4.225346E-17,					-0.9979271,					0.06435392,					0,
				1,					-1.226846E-15,					-1.968111E-14,					0,
				1.971926E-14,					0.06435392,					0.9979271,					0,
				1.260424,					-0.1751838,					0.233049,					1
			]
			,"name": "#3-8-Flat-Reg-18"		}
,
		{
			"mesh": 56
			,"name": "#3-8-Flat-Reg-18 - Part"		}
,
		{
			"children": [
				125
			]
			,"matrix": [
				1,					0,					0,					0,
				0,					1,					0,					0,
				0,					0,					1,					0,
				0.098679,					-0.0042672,					0.2303922,					1
			]
			,"name": "#3-8-Flat-Reg-23"		}
,
		{
			"mesh": 57
			,"name": "#3-8-Flat-Reg-23 - Part"		}
,
		{
			"children": [
				127
			]
			,"matrix": [
				1.015096E-15,					1,					1.736972E-15,					0,
				-1,					1.015096E-15,					-8.715191E-15,					0,
				-8.715191E-15,					-1.736972E-15,					1,					0,
				0.0042672,					-0.1751838,					0.2325918,					1
			]
			,"name": "#3-8-Flat-Reg-24"		}
,
		{
			"mesh": 58
			,"name": "#3-8-Flat-Reg-24 - Part"		}
,
		{
			"children": [
				129
			]
			,"matrix": [
				0.8371691,					-5.738649E-16,					0.5469441,					0,
				-1.966307E-15,					-1,					1.960468E-15,					0,
				0.5469441,					-2.716704E-15,					-0.8371691,					0,
				1.165479,					-1.56525,					0.2303922,					1
			]
			,"name": "#3-8-Flat-Reg-25"		}
,
		{
			"mesh": 59
			,"name": "#3-8-Flat-Reg-25 - Part"		}
,
		{
			"children": [
				131
			]
			,"matrix": [
				-0.923728,					-0.383049,					5.481726E-16,					0,
				-4.961309E-16,					-2.498002E-16,					-1,					0,
				0.383049,					-0.923728,					4.163336E-17,					0,
				0.1021334,					-1.515008,					-0.196023,					1
			]
			,"name": "#3-8-Lock Split-6"		}
,
		{
			"mesh": 60
			,"name": "#3-8-Lock Split-6 - Part"		}
,
		{
			"children": [
				133
			]
			,"matrix": [
				-0.6292144,					0.7772318,					8.621576E-16,					0,
				-4.424739E-16,					7.510587E-16,					-1,					0,
				-0.7772318,					-0.6292144,					-1.286722E-16,					0,
				0.1021334,					-0.7847584,					-0.196023,					1
			]
			,"name": "#3-8-Lock Split-9"		}
,
		{
			"mesh": 61
			,"name": "#3-8-Lock Split-9 - Part"		}
,
		{
			"children": [
				135
			]
			,"matrix": [
				-0.4846903,					0.8746858,					4.727121E-16,					0,
				-5.785303E-16,					2.183569E-16,					-1,					0,
				-0.8746858,					-0.4846903,					4.007211E-16,					0,
				0.1021334,					-0.0545084,					-0.196023,					1
			]
			,"name": "#3-8-Lock Split-11"		}
,
		{
			"mesh": 62
			,"name": "#3-8-Lock Split-11 - Part"		}
,
		{
			"children": [
				137
			]
			,"matrix": [
				-0.3254392,					0.945563,					9.671083E-16,					0,
				-4.458239E-16,					8.696613E-16,					-1,					0,
				-0.945563,					-0.3254392,					1.383442E-16,					0,
				1.162583,					-0.0545084,					-0.196023,					1
			]
			,"name": "#3-8-Lock Split-13"		}
,
		{
			"mesh": 63
			,"name": "#3-8-Lock Split-13 - Part"		}
,
		{
			"children": [
				139
			]
			,"matrix": [
				-0.1562998,					0.9877096,					9.269929E-16,					0,
				-3.634246E-16,					8.808529E-16,					-1,					0,
				-0.9877096,					-0.1562998,					2.220446E-16,					0,
				1.162583,					-0.7847584,					-0.196023,					1
			]
			,"name": "#3-8-Lock Split-15"		}
,
		{
			"mesh": 64
			,"name": "#3-8-Lock Split-15 - Part"		}
,
		{
			"children": [
				141
			]
			,"matrix": [
				0.01758875,					0.9998453,					8.836925E-16,					0,
				-2.724399E-16,					8.886218E-16,					-1,					0,
				-0.9998453,					0.01758875,					2.880275E-16,					0,
				1.162583,					-1.515008,					-0.196023,					1
			]
			,"name": "#3-8-Lock Split-17"		}
,
		{
			"mesh": 65
			,"name": "#3-8-Lock Split-17 - Part"		}
,
		{
			"children": [
				143
			]
			,"matrix": [
				1,					-0.0002425614,					-2.975051E-16,					0,
				0.0002425614,					1,					6.81906E-17,					0,
				3.018419E-16,					-6.17341E-17,					1,					0,
				0.1021334,					-1.515008,					-0.196023,					1
			]
			,"name": "#3-8-Hex-Std-1"		}
,
		{
			"mesh": 66
			,"name": "#3-8-Hex-Std-1 - Part"		}
,
		{
			"children": [
				145
			]
			,"matrix": [
				0.2835051,					-0.9589707,					-7.285839E-16,					0,
				0.9589707,					0.2835051,					-4.336809E-18,					0,
				2.090342E-16,					-6.814586E-16,					1,					0,
				0.1021334,					-0.7847584,					-0.196023,					1
			]
			,"name": "#3-8-Hex-Std-9"		}
,
		{
			"mesh": 67
			,"name": "#3-8-Hex-Std-9 - Part"		}
,
		{
			"children": [
				147
			]
			,"matrix": [
				0.1126745,					-0.993632,					-8.885037E-17,					0,
				0.993632,					0.1126745,					-2.94903E-16,					0,
				3.018419E-16,					-5.506893E-17,					1,					0,
				0.1021334,					-0.0545084,					-0.196023,					1
			]
			,"name": "#3-8-Hex-Std-11"		}
,
		{
			"mesh": 68
			,"name": "#3-8-Hex-Std-11 - Part"		}
,
		{
			"children": [
				149
			]
			,"matrix": [
				-0.06157963,					-0.9981022,					-4.689716E-16,					0,
				0.9981022,					-0.06157963,					-2.003606E-16,					0,
				1.786765E-16,					-5.524343E-16,					1,					0,
				1.162583,					-0.0545084,					-0.196023,					1
			]
			,"name": "#3-8-Hex-Std-13"		}
,
		{
			"mesh": 69
			,"name": "#3-8-Hex-Std-13 - Part"		}
,
		{
			"children": [
				151
			]
			,"matrix": [
				-0.2339627,					-0.9722456,					-5.969617E-16,					0,
				0.9722456,					-0.2339627,					-3.582204E-16,					0,
				2.090342E-16,					-6.64193E-16,					1,					0,
				1.162583,					-0.7847584,					-0.196023,					1
			]
			,"name": "#3-8-Hex-Std-15"		}
,
		{
			"mesh": 70
			,"name": "#3-8-Hex-Std-15 - Part"		}
,
		{
			"children": [
				153
			]
			,"matrix": [
				-0.399237,					-0.9168478,					-4.518955E-16,					0,
				0.9168478,					-0.399237,					-4.731458E-16,					0,
				2.046974E-16,					-6.139518E-16,					1,					0,
				1.162583,					-1.515008,					-0.196023,					1
			]
			,"name": "#3-8-Hex-Std-17"		}
,
		{
			"mesh": 71
			,"name": "#3-8-Hex-Std-17 - Part"		}
,
		{
			"children": [
				155, 156
			]
			,"matrix": [
				0.03497307,					-0.9908285,					-0.1305213,					0,
				0.2564453,					0.1351255,					-0.9570668,					0,
				0.9659258,					1.88319E-15,					0.258819,					0,
				-0.3087517,					-0.0949198,					1.503985,					1
			]
			,"name": "#1-4-Hex-Lock-7"		}
,
		{
			"mesh": 72
			,"name": "#1-4-Hex-Lock-7 - Part"		}
,
		{
			"mesh": 73
			,"name": "#1-4-Hex-Lock-7 - Part 2"		}
,
		{
			"children": [
				158, 159
			]
			,"matrix": [
				-0.1695396,					0.7555849,					0.6327304,					0,
				-0.1955598,					-0.6550508,					0.729839,					0,
				0.9659258,					1.910056E-15,					0.258819,					0,
				-0.3087517,					-1.473429,					1.503985,					1
			]
			,"name": "#1-4-Hex-Lock-8"		}
,
		{
			"mesh": 74
			,"name": "#1-4-Hex-Lock-8 - Part"		}
,
		{
			"mesh": 75
			,"name": "#1-4-Hex-Lock-8 - Part 2"		}
,
		{
			"children": [
				161, 162
			]
			,"matrix": [
				0.00825077,					-0.9994918,					-0.03079229,					0,
				0.2586875,					0.03187853,					-0.9654349,					0,
				0.9659258,					1.481871E-15,					0.258819,					0,
				-0.3117914,					-1.480134,					1.453208,					1
			]
			,"name": "#1-4-Hex-Lock-11"		}
,
		{
			"mesh": 76
			,"name": "#1-4-Hex-Lock-11 - Part"		}
,
		{
			"mesh": 77
			,"name": "#1-4-Hex-Lock-11 - Part 2"		}
,
		{
			"children": [
				164, 165
			]
			,"matrix": [
				-0.1873589,					-0.6899058,					0.6992329,					0,
				0.1785607,					-0.7238992,					-0.6663978,					0,
				0.9659258,					2.991043E-16,					0.258819,					0,
				-0.3117914,					-1.518234,					1.453208,					1
			]
			,"name": "#1-4-Hex-Lock-12"		}
,
		{
			"mesh": 78
			,"name": "#1-4-Hex-Lock-12 - Part"		}
,
		{
			"mesh": 79
			,"name": "#1-4-Hex-Lock-12 - Part 2"		}
,
		{
			"children": [
				167, 168
			]
			,"matrix": [
				0.923728,					0.383049,					2.561037E-16,					0,
				0.383049,					-0.923728,					5.099487E-17,					0,
				2.561037E-16,					5.099487E-17,					-1,					0,
				0.0329184,					-0.0320167,					0.245429,					1
			]
			,"name": "#1-4-Hex-Lock-13"		}
,
		{
			"mesh": 80
			,"name": "#1-4-Hex-Lock-13 - Part"		}
,
		{
			"mesh": 81
			,"name": "#1-4-Hex-Lock-13 - Part 2"		}
,
		{
			"children": [
				170, 171
			]
			,"matrix": [
				0.8513098,					0.5246633,					-4.760081E-15,					0,
				0.5246633,					-0.8513098,					-3.191891E-15,					0,
				-5.726972E-15,					2.198487E-16,					-1,					0,
				1.23124,					-0.0320167,					0.245429,					1
			]
			,"name": "#1-4-Hex-Lock-14"		}
,
		{
			"mesh": 82
			,"name": "#1-4-Hex-Lock-14 - Part"		}
,
		{
			"mesh": 83
			,"name": "#1-4-Hex-Lock-14 - Part 2"		}
,
		{
			"children": [
				173, 174
			]
			,"matrix": [
				0.7775738,					0.6287917,					-3.913536E-15,					0,
				0.6287917,					-0.7775738,					-3.663736E-15,					0,
				-5.384582E-15,					4.718448E-16,					-1,					0,
				1.23124,					-1.538033,					0.245429,					1
			]
			,"name": "#1-4-Hex-Lock-16"		}
,
		{
			"mesh": 84
			,"name": "#1-4-Hex-Lock-16 - Part"		}
,
		{
			"mesh": 85
			,"name": "#1-4-Hex-Lock-16 - Part 2"		}
,
		{
			"children": [
				176, 177
			]
			,"matrix": [
				0.7155774,					0.6985335,					2.470246E-15,					0,
				0.6985335,					-0.7155774,					2.109424E-15,					0,
				3.164136E-15,					1.94289E-16,					-1,					0,
				0.0329184,					-1.538033,					0.245429,					1
			]
			,"name": "#1-4-Hex-Lock-18"		}
,
		{
			"mesh": 86
			,"name": "#1-4-Hex-Lock-18 - Part"		}
,
		{
			"mesh": 87
			,"name": "#1-4-Hex-Lock-18 - Part 2"		}
,
		{
			"children": [
				179, 180, 181
			]
			,"matrix": [
				1.245098E-15,					0.3735506,					-0.9276098,					0,
				-2.841694E-15,					0.9276098,					0.3735506,					0,
				1,					2.170876E-15,					2.216481E-15,					0,
				0.001651,					-1.476604,					0.1876948,					1
			]
			,"name": "#10-Hex-Lock-26"		}
,
		{
			"mesh": 88
			,"name": "#10-Hex-Lock-26 - Part"		}
,
		{
			"mesh": 89
			,"name": "#10-Hex-Lock-26 - Part 2"		}
,
		{
			"mesh": 90
			,"name": "#10-Hex-Lock-26 - Part 3"		}
,
		{
			"children": [
				183, 184, 185
			]
			,"matrix": [
				1.179178E-15,					0.5159005,					-0.8566485,					0,
				-3.110793E-15,					0.8566485,					0.5159005,					0,
				1,					2.056442E-15,					2.615096E-15,					0,
				0.0009815603,					-1.324204,					0.1876948,					1
			]
			,"name": "#10-Hex-Lock-30"		}
,
		{
			"mesh": 91
			,"name": "#10-Hex-Lock-30 - Part"		}
,
		{
			"mesh": 92
			,"name": "#10-Hex-Lock-30 - Part 2"		}
,
		{
			"mesh": 93
			,"name": "#10-Hex-Lock-30 - Part 3"		}
,
		{
			"children": [
				187, 188, 189
			]
			,"matrix": [
				8.838416E-16,					0.62078,					-0.7839848,					0,
				-3.273857E-15,					0.7839848,					0.62078,					0,
				1,					2.017983E-15,					2.725263E-15,					0,
				0.000889,					-1.171804,					0.1876948,					1
			]
			,"name": "#10-Hex-Lock-22"		}
,
		{
			"mesh": 94
			,"name": "#10-Hex-Lock-22 - Part"		}
,
		{
			"mesh": 95
			,"name": "#10-Hex-Lock-22 - Part 2"		}
,
		{
			"mesh": 96
			,"name": "#10-Hex-Lock-22 - Part 3"		}
,
		{
			"children": [
				191, 192, 193
			]
			,"matrix": [
				9.137656E-16,					0.6911542,					-0.7227073,					0,
				-3.652027E-15,					0.7227073,					0.6911542,					0,
				1,					2.007338E-15,					3.183218E-15,					0,
				0.0009370465,					-1.154024,					0.1114948,					1
			]
			,"name": "#10-Hex-Lock-29"		}
,
		{
			"mesh": 97
			,"name": "#10-Hex-Lock-29 - Part"		}
,
		{
			"mesh": 98
			,"name": "#10-Hex-Lock-29 - Part 2"		}
,
		{
			"mesh": 99
			,"name": "#10-Hex-Lock-29 - Part 3"		}
,
		{
			"children": [
				195, 196, 197
			]
			,"matrix": [
				8.287641E-16,					0.7294726,					-0.68401,					0,
				-3.771289E-15,					0.68401,					0.7294726,					0,
				1,					1.975039E-15,					3.317935E-15,					0,
				-0.0003657203,					-1.154024,					-0.01357483,					1
			]
			,"name": "#10-Hex-Lock-28"		}
,
		{
			"mesh": 100
			,"name": "#10-Hex-Lock-28 - Part"		}
,
		{
			"mesh": 101
			,"name": "#10-Hex-Lock-28 - Part 2"		}
,
		{
			"mesh": 102
			,"name": "#10-Hex-Lock-28 - Part 3"		}
,
		{
			"children": [
				199, 200, 201
			]
			,"matrix": [
				6.873842E-16,					0.736092,					-0.6768814,					0,
				-3.596515E-15,					0.6768814,					0.736092,					0,
				1,					2.030868E-15,					3.002806E-15,					0,
				0.001651,					-1.171804,					-0.08977482,					1
			]
			,"name": "#10-Hex-Lock-25"		}
,
		{
			"mesh": 103
			,"name": "#10-Hex-Lock-25 - Part"		}
,
		{
			"mesh": 104
			,"name": "#10-Hex-Lock-25 - Part 2"		}
,
		{
			"mesh": 105
			,"name": "#10-Hex-Lock-25 - Part 3"		}
,
		{
			"children": [
				203, 204, 205
			]
			,"matrix": [
				6.531234E-16,					0.7079068,					-0.7063059,					0,
				-3.642486E-15,					0.7063059,					0.7079068,					0,
				1,					2.110766E-15,					3.038368E-15,					0,
				0.001651,					-1.324204,					-0.08977482,					1
			]
			,"name": "#10-Hex-Lock-27"		}
,
		{
			"mesh": 106
			,"name": "#10-Hex-Lock-27 - Part"		}
,
		{
			"mesh": 107
			,"name": "#10-Hex-Lock-27 - Part 2"		}
,
		{
			"mesh": 108
			,"name": "#10-Hex-Lock-27 - Part 3"		}
,
		{
			"children": [
				207, 208, 209
			]
			,"matrix": [
				8.378714E-16,					0.6387437,					-0.7694196,					0,
				-3.322429E-15,					0.7694196,					0.6387437,					0,
				1,					2.022041E-15,					2.766884E-15,					0,
				0.001651,					-1.476604,					-0.08977482,					1
			]
			,"name": "#10-Hex-Lock-31"		}
,
		{
			"mesh": 109
			,"name": "#10-Hex-Lock-31 - Part"		}
,
		{
			"mesh": 110
			,"name": "#10-Hex-Lock-31 - Part 2"		}
,
		{
			"mesh": 111
			,"name": "#10-Hex-Lock-31 - Part 3"		}
,
		{
			"children": [
				211, 212, 213
			]
			,"matrix": [
				-2.55268E-15,					5.131775E-16,					1,					0,
				9.486101E-16,					1,					-5.131775E-16,					0,
				-1,					9.486101E-16,					-2.55268E-15,					0,
				1.263802,					-0.03175,					0.1876948,					1
			]
			,"name": "#10-Hex-Lock-36"		}
,
		{
			"mesh": 112
			,"name": "#10-Hex-Lock-36 - Part"		}
,
		{
			"mesh": 113
			,"name": "#10-Hex-Lock-36 - Part 2"		}
,
		{
			"mesh": 114
			,"name": "#10-Hex-Lock-36 - Part 3"		}
,
		{
			"children": [
				215, 216, 217
			]
			,"matrix": [
				-2.81929E-15,					4.114949E-16,					1,					0,
				8.469275E-16,					1,					-4.114949E-16,					0,
				-1,					8.469275E-16,					-2.81929E-15,					0,
				1.263802,					-0.01397,					0.1114948,					1
			]
			,"name": "#10-Hex-Lock-37"		}
,
		{
			"mesh": 115
			,"name": "#10-Hex-Lock-37 - Part"		}
,
		{
			"mesh": 116
			,"name": "#10-Hex-Lock-37 - Part 2"		}
,
		{
			"mesh": 117
			,"name": "#10-Hex-Lock-37 - Part 3"		}
,
		{
			"children": [
				219, 220, 221
			]
			,"matrix": [
				-2.359429E-15,					3.326794E-16,					1,					0,
				7.68112E-16,					1,					-3.326794E-16,					0,
				-1,					7.68112E-16,					-2.359429E-15,					0,
				1.263802,					-0.18415,					0.1876948,					1
			]
			,"name": "#10-Hex-Lock-38"		}
,
		{
			"mesh": 118
			,"name": "#10-Hex-Lock-38 - Part"		}
,
		{
			"mesh": 119
			,"name": "#10-Hex-Lock-38 - Part 2"		}
,
		{
			"mesh": 120
			,"name": "#10-Hex-Lock-38 - Part 3"		}
,
		{
			"children": [
				223, 224, 225
			]
			,"matrix": [
				-2.585499E-15,					2.709773E-16,					1,					0,
				7.064099E-16,					1,					-2.709773E-16,					0,
				-1,					7.064099E-16,					-2.585499E-15,					0,
				1.263802,					-0.33655,					0.1876948,					1
			]
			,"name": "#10-Hex-Lock-39"		}
,
		{
			"mesh": 121
			,"name": "#10-Hex-Lock-39 - Part"		}
,
		{
			"mesh": 122
			,"name": "#10-Hex-Lock-39 - Part 2"		}
,
		{
			"mesh": 123
			,"name": "#10-Hex-Lock-39 - Part 3"		}
,
		{
			"children": [
				227, 228, 229
			]
			,"matrix": [
				-2.52272E-15,					2.377438E-16,					1,					0,
				6.731765E-16,					1,					-2.377438E-16,					0,
				-1,					6.731765E-16,					-2.52272E-15,					0,
				1.263802,					-0.01397,					-0.01357483,					1
			]
			,"name": "#10-Hex-Lock-40"		}
,
		{
			"mesh": 124
			,"name": "#10-Hex-Lock-40 - Part"		}
,
		{
			"mesh": 125
			,"name": "#10-Hex-Lock-40 - Part 2"		}
,
		{
			"mesh": 126
			,"name": "#10-Hex-Lock-40 - Part 3"		}
,
		{
			"children": [
				231, 232, 233
			]
			,"matrix": [
				4.26093E-15,					-1.059056E-16,					1,					0,
				3.295271E-16,					1,					1.059056E-16,					0,
				-1,					3.295271E-16,					4.26093E-15,					0,
				1.263802,					-0.03175,					-0.08977482,					1
			]
			,"name": "#10-Hex-Lock-41"		}
,
		{
			"mesh": 127
			,"name": "#10-Hex-Lock-41 - Part"		}
,
		{
			"mesh": 128
			,"name": "#10-Hex-Lock-41 - Part 2"		}
,
		{
			"mesh": 129
			,"name": "#10-Hex-Lock-41 - Part 3"		}
,
		{
			"children": [
				235, 236, 237
			]
			,"matrix": [
				-2.595609E-15,					4.740958E-16,					1,					0,
				9.095285E-16,					1,					-4.740958E-16,					0,
				-1,					9.095285E-16,					-2.595609E-15,					0,
				1.263802,					-0.18415,					-0.08977482,					1
			]
			,"name": "#10-Hex-Lock-42"		}
,
		{
			"mesh": 130
			,"name": "#10-Hex-Lock-42 - Part"		}
,
		{
			"mesh": 131
			,"name": "#10-Hex-Lock-42 - Part 2"		}
,
		{
			"mesh": 132
			,"name": "#10-Hex-Lock-42 - Part 3"		}
,
		{
			"children": [
				239, 240, 241
			]
			,"matrix": [
				-2.563503E-15,					2.122848E-16,					1,					0,
				6.477175E-16,					1,					-2.122848E-16,					0,
				-1,					6.477175E-16,					-2.563503E-15,					0,
				1.263802,					-0.33655,					-0.08977482,					1
			]
			,"name": "#10-Hex-Lock-43"		}
,
		{
			"mesh": 133
			,"name": "#10-Hex-Lock-43 - Part"		}
,
		{
			"mesh": 134
			,"name": "#10-Hex-Lock-43 - Part 2"		}
,
		{
			"mesh": 135
			,"name": "#10-Hex-Lock-43 - Part 3"		}
,
		{
			"children": [
				243
			]
			,"matrix": [
				2.664969E-15,					0.4784684,					-0.8781047,					0,
				-1,					-5.048864E-15,					-5.725455E-15,					0,
				-7.111065E-15,					0.8781047,					0.4784684,					0,
				0.000889,					-1.476604,					0.1876948,					1
			]
			,"name": "#10-Flat-Reg-24"		}
,
		{
			"mesh": 136
			,"name": "#10-Flat-Reg-24 - Part"		}
,
		{
			"children": [
				245
			]
			,"matrix": [
				1.268083E-15,					0.8749048,					-0.484295,					0,
				-1,					-2.79421E-15,					-7.668345E-15,					0,
				-8.06126E-15,					0.484295,					0.8749048,					0,
				0.000889,					-1.324204,					0.1876948,					1
			]
			,"name": "#10-Flat-Reg-31"		}
,
		{
			"mesh": 137
			,"name": "#10-Flat-Reg-31 - Part"		}
,
		{
			"children": [
				247
			]
			,"matrix": [
				1.98886E-15,					0.7074002,					-0.7068132,					0,
				-1,					-3.88288E-15,					-6.720319E-15,					0,
				-7.499643E-15,					0.7068132,					0.7074002,					0,
				0.000889,					-1.171804,					0.1876948,					1
			]
			,"name": "#10-Flat-Reg-32"		}
,
		{
			"mesh": 138
			,"name": "#10-Flat-Reg-32 - Part"		}
,
		{
			"children": [
				249
			]
			,"matrix": [
				1.98409E-15,					0.770204,					-0.6377976,					0,
				-1,					-3.521643E-15,					-7.348289E-15,					0,
				-7.877813E-15,					0.6377976,					0.770204,					0,
				0.000889,					-1.154024,					0.1114948,					1
			]
			,"name": "#10-Flat-Reg-33"		}
,
		{
			"mesh": 139
			,"name": "#10-Flat-Reg-33 - Part"		}
,
		{
			"children": [
				251
			]
			,"matrix": [
				1.825796E-15,					0.8037828,					-0.594923,					0,
				-1,					-3.276731E-15,					-7.496608E-15,					0,
				-7.974524E-15,					0.594923,					0.8037828,					0,
				0.000889,					-1.154024,					-0.01357483,					1
			]
			,"name": "#10-Flat-Reg-34"		}
,
		{
			"mesh": 140
			,"name": "#10-Flat-Reg-34 - Part"		}
,
		{
			"children": [
				253
			]
			,"matrix": [
				1.555613E-15,					0.809532,					-0.5870757,					0,
				-1,					-3.22377E-15,					-7.18349E-15,					0,
				-7.767224E-15,					0.5870757,					0.809532,					0,
				0.000889,					-1.171804,					-0.08977482,					1
			]
			,"name": "#10-Flat-Reg-35"		}
,
		{
			"mesh": 141
			,"name": "#10-Flat-Reg-35 - Part"		}
,
		{
			"children": [
				255
			]
			,"matrix": [
				1.713907E-15,					0.7849443,					-0.6195664,					0,
				-1,					-3.509666E-15,					-7.21298E-15,					0,
				-7.835746E-15,					0.6195664,					0.7849443,					0,
				0.000889,					-1.324204,					-0.08977482,					1
			]
			,"name": "#10-Flat-Reg-36"		}
,
		{
			"mesh": 142
			,"name": "#10-Flat-Reg-36 - Part"		}
,
		{
			"children": [
				257
			]
			,"matrix": [
				1.935084E-15,					0.7235561,					-0.6902656,					0,
				-1,					-3.805969E-15,					-6.794044E-15,					0,
				-7.543011E-15,					0.6902656,					0.7235561,					0,
				0.000889,					-1.476604,					-0.08977482,					1
			]
			,"name": "#10-Flat-Reg-37"		}
,
		{
			"mesh": 143
			,"name": "#10-Flat-Reg-37 - Part"		}
,
		{
			"children": [
				259
			]
			,"matrix": [
				-3.330669E-16,					-0.4375829,					0.8991781,					0,
				1,					-4.912737E-15,					-2.027109E-15,					0,
