{
	"asset": {
		"generator": "VISUALIZEGLTF",
		"version" : "2.0"
	},
	"extensionsUsed": [ "KHR_texture_transform" ],
	"scenes": [
		{
			"name": "Default",
			"nodes": [
				0]
		}
	],
	"nodes": [
		{
			"children": [
				1, 301, 302, 303, 304
			]
			,"name": "Root"		}
,
		{
			"children": [
				2, 15, 17, 19, 60, 62, 173, 178, 183, 188, 193, 204, 219, 234, 236, 238, 240, 242, 244, 246, 253, 255, 257, 259, 261, 263, 265, 267, 269, 271, 273, 275, 277, 279, 281, 283, 285, 287, 289, 291, 293, 295, 297, 299
			]
			,"matrix": [
				1,					0,					0,					0,
				0,					1,					0,					0,
				0,					0,					1,					0,
				0,					0.3359864,					0,					1
			]
			,"name": "E4X242408WM-07 (Default)"		}
,
		{
			"children": [
				3, 5, 7, 9, 11, 13
			]
			,"name": "0000-9666-1"		}
,
		{
			"children": [
				4
			]
			,"name": "0000-9666-1 2"		}
,
		{
			"mesh": 0
			,"name": "0000-9666-1 2 - Part"		}
,
		{
			"children": [
				6
			]
			,"matrix": [
				1.17957E-32,					-1,					-1.08608E-16,					0,
				1,					0,					1.08608E-16,					0,
				-1.08608E-16,					-1.08608E-16,					1,					0,
				-0.302895,					-0.26035,					0.1675209,					1
			]
			,"name": "#1-4-20 SST Weld Stud-5"		}
,
		{
			"mesh": 1
			,"name": "#1-4-20 SST Weld Stud-5 - Part"		}
,
		{
			"children": [
				8
			]
			,"matrix": [
				0.3420202,					-0.9396926,					3.816392E-17,					0,
				0,					3.816392E-17,					1,					0,
				-0.9396926,					-0.3420202,					2.775558E-17,					0,
				-0.248793,					0.271653,					-2.450484E-15,					1
			]
			,"name": "#3-8-18 SST Weld Stud-6"		}
,
		{
			"mesh": 2
			,"name": "#3-8-18 SST Weld Stud-6 - Part"		}
,
		{
			"children": [
				10
			]
			,"matrix": [
				0.6427876,					-0.7660444,					1.387779E-16,					0,
				0,					8.326673E-17,					1,					0,
				-0.7660444,					-0.6427876,					1.110223E-16,					0,
				0.248793,					0.271653,					-5.326698E-20,					1
			]
			,"name": "#3-8-18 SST Weld Stud-8"		}
,
		{
			"mesh": 3
			,"name": "#3-8-18 SST Weld Stud-8 - Part"		}
,
		{
			"children": [
				12
			]
			,"matrix": [
				0.8660254,					-0.5,					5.551115E-17,					0,
				0,					-8.326673E-17,					1,					0,
				-0.5,					-0.8660254,					0,					0,
				-0.223266,					-0.271653,					-4.858063E-20,					1
			]
			,"name": "#3-8-18 SST Weld Stud-10"		}
,
		{
			"mesh": 4
			,"name": "#3-8-18 SST Weld Stud-10 - Part"		}
,
		{
			"children": [
				14
			]
			,"matrix": [
				0.9848077,					-0.1736482,					-1.665335E-16,					0,
				0,					-2.220446E-16,					1,					0,
				-0.1736482,					-0.9848077,					2.220446E-16,					0,
				0.223266,					-0.271653,					-5.490042E-15,					1
			]
			,"name": "#3-8-18 SST Weld Stud-12"		}
,
		{
			"mesh": 5
			,"name": "#3-8-18 SST Weld Stud-12 - Part"		}
,
		{
			"children": [
				16
			]
			,"matrix": [
				1,					0,					0,					0,
				0,					1,					0,					0,
				0,					0,					1,					0,
				-4.307665E-14,					0.3048,					0.09996805,					1
			]
			,"name": "0000-9664-1"		}
,
		{
			"mesh": 6
			,"name": "0000-9664-1 - Part"		}
,
		{
			"children": [
				18
			]
			,"matrix": [
				-1,					4.336809E-17,					3.400058E-16,					0,
				-3.15389E-17,					-1,					2.164609E-17,					0,
				3.504141E-16,					1.387779E-17,					1,					0,
				-4.132805E-14,					-0.3048,					0.09996805,					1
			]
			,"name": "0000-9667-3"		}
,
		{
			"mesh": 7
			,"name": "0000-9667-3 - Part"		}
,
		{
			"children": [
				20, 22, 24, 26, 28, 30, 35, 40, 45, 50, 55
			]
			,"name": "0001-0638-1"		}
,
		{
			"children": [
				21
			]
			,"matrix": [
				-0.258819,					2.760738E-13,					0.9659258,					0,
				6.881849E-14,					1,					-2.673727E-13,					0,
				-0.9659258,					-2.7276E-15,					-0.258819,					0,
				-0.4046294,					1.588158E-13,					0.4925315,					1
			]
			,"name": "0001-0638-1 2"		}
,
		{
			"mesh": 8
			,"name": "0001-0638-1 2 - Part"		}
,
		{
			"children": [
				23
			]
			,"matrix": [
				-0.258819,					2.760738E-13,					0.9659258,					0,
				0.9659258,					2.7276E-15,					0.258819,					0,
				6.881849E-14,					1,					-2.673727E-13,					0,
				-0.3387059,					-0.226695,					0.2538621,					1
			]
			,"name": "#1-4-20 SST Weld Stud-1"		}
,
		{
			"mesh": 9
			,"name": "#1-4-20 SST Weld Stud-1 - Part"		}
,
		{
			"children": [
				25
			]
			,"matrix": [
				-0.2555451,					0.1585528,					0.9537073,					0,
				0.9659258,					-4.639977E-14,					0.258819,					0,
				0.04103647,					0.9873505,					-0.1531502,					0,
				-0.4586552,					-0.2126488,					0.7015189,					1
			]
			,"name": "#1-4-20 SST Weld Stud-3"		}
,
		{
			"mesh": 10
			,"name": "#1-4-20 SST Weld Stud-3 - Part"		}
,
		{
			"children": [
				27
			]
			,"matrix": [
				-0.2482398,					0.2829836,					0.9264433,					0,
				0.9659258,					-4.551159E-14,					0.258819,					0,
				0.07324155,					0.9591247,					-0.2733412,					0,
				-0.4586552,					-0.2507488,					0.7015189,					1
			]
			,"name": "#1-4-20 SST Weld Stud-5 2"		}
,
		{
			"mesh": 11
			,"name": "#1-4-20 SST Weld Stud-5 2 - Part"		}
,
		{
			"children": [
				29
			]
			,"matrix": [
				-0.2130749,					0.5676672,					0.7952062,					0,
				0.9659258,					2.721798E-15,					0.258819,					0,
				0.1469231,					0.8232581,					-0.5483245,					0,
				-0.4394549,					-0.0337976,					0.6298622,					1
			]
			,"name": "#8-32 SST Weld Stud-37"		}
,
		{
			"mesh": 12
			,"name": "#8-32 SST Weld Stud-37 - Part"		}
,
		{
			"children": [
				31, 33
			]
			,"matrix": [
				-0.258819,					2.760738E-13,					0.9659258,					0,
				0.9659258,					2.7276E-15,					0.258819,					0,
				6.881849E-14,					1,					-2.673727E-13,					0,
				-0.3751843,					-0.1071782,					0.4140162,					1
			]
			,"name": "0000-9808-1"		}
,
		{
			"children": [
				32
			]
			,"name": "Cut-Extrude5"		}
,
		{
			"mesh": 13
			,"name": "Cut-Extrude5 - Part"		}
,
		{
			"children": [
				34
			]
			,"name": "Chamfer1"		}
,
		{
			"mesh": 14
			,"name": "Chamfer1 - Part"		}
,
		{
			"children": [
				36, 38
			]
			,"matrix": [
				-0.258819,					2.760738E-13,					0.9659258,					0,
				0.9659258,					2.7276E-15,					0.258819,					0,
				6.881849E-14,					1,					-2.673727E-13,					0,
				-0.3751654,					-0.1800762,					0.4140212,					1
			]
			,"name": "0000-9808-2"		}
,
		{
			"children": [
				37
			]
			,"name": "Cut-Extrude5 2"		}
,
		{
			"mesh": 15
			,"name": "Cut-Extrude5 2 - Part"		}
,
		{
			"children": [
				39
			]
			,"name": "Chamfer1 2"		}
,
		{
			"mesh": 16
			,"name": "Chamfer1 2 - Part"		}
,
		{
			"children": [
				41, 43
			]
			,"matrix": [
				-0.258819,					2.760738E-13,					0.9659258,					0,
				0.9659258,					2.7276E-15,					0.258819,					0,
				6.881849E-14,					1,					-2.673727E-13,					0,
				-0.4209201,					-0.1071782,					0.5858334,					1
			]
			,"name": "0000-9808-3"		}
,
		{
			"children": [
				42
			]
			,"name": "Cut-Extrude5 3"		}
,
		{
			"mesh": 17
			,"name": "Cut-Extrude5 3 - Part"		}
,
		{
			"children": [
				44
			]
			,"name": "Chamfer1 3"		}
,
		{
			"mesh": 18
			,"name": "Chamfer1 3 - Part"		}
,
		{
			"children": [
				46, 48
			]
			,"matrix": [
				-0.258819,					2.760738E-13,					0.9659258,					0,
				0.9659258,					2.7276E-15,					0.258819,					0,
				6.881849E-14,					1,					-2.673727E-13,					0,
				-0.4209036,					-0.1800762,					0.5858378,					1
			]
			,"name": "0000-9808-4"		}
,
		{
			"children": [
				47
			]
			,"name": "Cut-Extrude5 4"		}
,
		{
			"mesh": 19
			,"name": "Cut-Extrude5 4 - Part"		}
,
		{
			"children": [
				49
			]
			,"name": "Chamfer1 4"		}
,
		{
			"mesh": 20
			,"name": "Chamfer1 4 - Part"		}
,
		{
			"children": [
				51, 53
			]
			,"matrix": [
				-0.258819,					2.760738E-13,					0.9659258,					0,
				0.9659258,					2.7276E-15,					0.258819,					0,
				6.881849E-14,					1,					-2.673727E-13,					0,
				-0.3368113,					-0.1071782,					0.266522,					1
			]
			,"name": "0000-9808-5"		}
,
		{
			"children": [
				52
			]
			,"name": "Cut-Extrude5 5"		}
,
		{
			"mesh": 21
			,"name": "Cut-Extrude5 5 - Part"		}
,
		{
			"children": [
				54
			]
			,"name": "Chamfer1 5"		}
,
		{
			"mesh": 22
			,"name": "Chamfer1 5 - Part"		}
,
		{
			"children": [
				56, 58
			]
			,"matrix": [
				-0.258819,					2.760738E-13,					0.9659258,					0,
				0.9659258,					2.7276E-15,					0.258819,					0,
				6.881849E-14,					1,					-2.673727E-13,					0,
				-0.3370541,					-0.1800762,					0.266457,					1
			]
			,"name": "0000-9808-6"		}
,
		{
			"children": [
				57
			]
			,"name": "Cut-Extrude5 6"		}
,
		{
			"mesh": 23
			,"name": "Cut-Extrude5 6 - Part"		}
,
		{
			"children": [
				59
			]
			,"name": "Chamfer1 6"		}
,
		{
			"mesh": 24
			,"name": "Chamfer1 6 - Part"		}
,
		{
			"children": [
				61
			]
			,"matrix": [
				0.258819,					-2.762602E-13,					-0.9659258,					0,
				6.612603E-14,					1,					-2.682872E-13,					0,
				0.9659258,					5.564993E-15,					0.258819,					0,
				-0.4027893,					1.579442E-13,					0.4930246,					1
			]
			,"name": "0000-9663 - Gasket-1"		}
,
		{
			"mesh": 25
			,"name": "0000-9663 - Gasket-1 - Part"		}
,
		{
			"children": [
				63, 66, 68, 70, 72, 75, 78, 80, 82, 84, 87, 89, 91, 93, 95, 97, 99, 101, 103, 105, 107, 111, 115, 119, 123, 127, 131, 135, 139, 143, 147, 149, 151, 153, 155, 157, 159, 161, 163, 165, 167, 170
			]
			,"name": "FASTENERS-2"		}
,
		{
			"children": [
				64, 65
			]
			,"matrix": [
				-1.08608E-16,					0,					1,					0,
				0,					1,					0,					0,
				-1,					0,					-1.08608E-16,					0,
				-0.290195,					-0.26035,					0.1675209,					1
			]
			,"name": "#1-4-Hex-Reg-27"		}
,
		{
			"mesh": 26
			,"name": "#1-4-Hex-Reg-27 - Part"		}
,
		{
			"mesh": 27
			,"name": "#1-4-Hex-Reg-27 - Part 2"		}
,
		{
			"children": [
				67
			]
			,"matrix": [
				4.996004E-16,					-1,					9.556106E-15,					0,
				1,					4.996004E-16,					9.773323E-15,					0,
				-9.773323E-15,					9.556106E-15,					1,					0,
				-0.2969006,					-0.26035,					0.1675209,					1
			]
			,"name": "#1-4-Flat-Reg-19"		}
,
		{
			"mesh": 28
			,"name": "#1-4-Flat-Reg-19 - Part"		}
,
		{
			"children": [
				69
			]
			,"matrix": [
				4.996004E-16,					-1,					9.556106E-15,					0,
				1,					4.996004E-16,					9.773323E-15,					0,
				-9.773323E-15,					9.556106E-15,					1,					0,
				-0.2980182,					-0.26035,					0.1675209,					1
			]
			,"name": "#1-4-Flat-Reg-20"		}
,
		{
			"mesh": 29
			,"name": "#1-4-Flat-Reg-20 - Part"		}
,
		{
			"children": [
				71
			]
			,"matrix": [
				-8.326673E-17,					-1,					5.575258E-16,					0,
				1,					-8.326673E-17,					7.747419E-16,					0,
				-7.747419E-16,					5.575258E-16,					1,					0,
				-0.299593,					-0.26035,					0.1675209,					1
			]
			,"name": "#1-4-Lock Split-19"		}
,
		{
			"mesh": 30
			,"name": "#1-4-Lock Split-19 - Part"		}
,
		{
			"children": [
				73, 74
			]
			,"matrix": [
				-1.08608E-16,					1.618456E-31,					1,					0,
				1.618456E-31,					1,					-1.618456E-31,					0,
				-1,					1.618456E-31,					-1.08608E-16,					0,
				-0.299593,					-0.26035,					0.1675209,					1
			]
			,"name": "#1-4-Hex-Reg-28"		}
,
		{
			"mesh": 31
			,"name": "#1-4-Hex-Reg-28 - Part"		}
,
		{
			"mesh": 32
			,"name": "#1-4-Hex-Reg-28 - Part 2"		}
,
		{
			"children": [
				76, 77
			]
			,"matrix": [
				-0.258819,					-5.46947E-14,					0.9659258,					0,
				-4.559073E-14,					1,					4.440812E-14,					0,
				-0.9659258,					-3.25436E-14,					-0.258819,					0,
				-0.3264387,					-0.226695,					0.2571491,					1
			]
			,"name": "#1-4-Hex-Reg-1"		}
,
		{
			"mesh": 33
			,"name": "#1-4-Hex-Reg-1 - Part"		}
,
		{
			"mesh": 34
			,"name": "#1-4-Hex-Reg-1 - Part 2"		}
,
		{
			"children": [
				79
			]
			,"matrix": [
				0.1207223,					-0.8845555,					-0.4505416,					0,
				0.9659258,					3.706173E-14,					0.258819,					0,
				-0.2289398,					-0.466435,					0.854415,					0,
				-0.3329158,					-0.226695,					0.2554136,					1
			]
			,"name": "#1-4-Flat-Reg-1"		}
,
		{
			"mesh": 35
			,"name": "#1-4-Flat-Reg-1 - Part"		}
,
		{
			"children": [
				81
			]
			,"matrix": [
				0.1207223,					-0.8845555,					-0.4505416,					0,
				0.9659258,					3.706173E-14,					0.258819,					0,
				-0.2289398,					-0.466435,					0.854415,					0,
				-0.3339953,					-0.226695,					0.2551243,					1
			]
			,"name": "#1-4-Flat-Reg-2"		}
,
		{
			"mesh": 36
			,"name": "#1-4-Flat-Reg-2 - Part"		}
,
		{
			"children": [
				83
			]
			,"matrix": [
				0.1207223,					-0.8845555,					-0.4505416,					0,
				0.9659258,					4.377486E-14,					0.258819,					0,
				-0.2289398,					-0.466435,					0.854415,					0,
				-0.3355165,					-0.226695,					0.2547168,					1
			]
			,"name": "#1-4-Lock Split-1"		}
,
		{
			"mesh": 37
			,"name": "#1-4-Lock Split-1 - Part"		}
,
		{
			"children": [
				85, 86
			]
			,"matrix": [
				-0.258819,					-5.46947E-14,					0.9659258,					0,
				-4.559073E-14,					1,					4.440812E-14,					0,
				-0.9659258,					-3.25436E-14,					-0.258819,					0,
				-0.3355165,					-0.226695,					0.2547168,					1
			]
			,"name": "#1-4-Hex-Reg-3"		}
,
		{
			"mesh": 38
			,"name": "#1-4-Hex-Reg-3 - Part"		}
,
		{
			"mesh": 39
			,"name": "#1-4-Hex-Reg-3 - Part 2"		}
,
		{
			"children": [
				88
			]
			,"matrix": [
				-2.655217E-13,					1,					-3.572503E-13,					0,
				0.258819,					-2.763552E-13,					-0.9659258,					0,
				-0.9659258,					-3.489374E-13,					-0.258819,					0,
				-0.3166614,					0.26035,					0.2006029,					1
			]
			,"name": "Semi-Tube Rivet Oval-1"		}
,
		{
			"mesh": 40
			,"name": "Semi-Tube Rivet Oval-1 - Part"		}
,
		{
			"children": [
				90
			]
			,"matrix": [
				-2.654942E-13,					1,					-3.569516E-13,					0,
				0.258819,					-2.760738E-13,					-0.9659258,					0,
				-0.9659258,					-3.488336E-13,					-0.258819,					0,
				-0.3166614,					0.130175,					0.2006029,					1
			]
			,"name": "Semi-Tube Rivet Oval-2"		}
,
		{
			"mesh": 41
			,"name": "Semi-Tube Rivet Oval-2 - Part"		}
,
		{
			"children": [
				92
			]
			,"matrix": [
				-2.652595E-13,					1,					-3.568887E-13,					0,
				0.258819,					-2.760738E-13,					-0.9659258,					0,
				-0.9659258,					-3.485906E-13,					-0.258819,					0,
				-0.3166614,					7.756059E-14,					0.2006029,					1
			]
			,"name": "Semi-Tube Rivet Oval-3"		}
,
		{
			"mesh": 42
			,"name": "Semi-Tube Rivet Oval-3 - Part"		}
,
		{
			"children": [
				94
			]
			,"matrix": [
				-2.654942E-13,					1,					-3.569516E-13,					0,
				0.258819,					-2.760738E-13,					-0.9659258,					0,
				-0.9659258,					-3.488336E-13,					-0.258819,					0,
				-0.3166614,					-0.130175,					0.2006029,					1
			]
			,"name": "Semi-Tube Rivet Oval-4"		}
,
		{
			"mesh": 43
			,"name": "Semi-Tube Rivet Oval-4 - Part"		}
,
		{
			"children": [
				96
			]
			,"matrix": [
				-2.654942E-13,					1,					-3.569516E-13,					0,
				0.258819,					-2.760738E-13,					-0.9659258,					0,
				-0.9659258,					-3.488336E-13,					-0.258819,					0,
				-0.3166614,					-0.26035,					0.2006029,					1
			]
			,"name": "Semi-Tube Rivet Oval-5"		}
,
		{
			"mesh": 44
			,"name": "Semi-Tube Rivet Oval-5 - Part"		}
,
		{
			"children": [
				98
			]
			,"matrix": [
				0.9330127,					0.258819,					0.25,					0,
				-0.258819,					2.449294E-16,					0.9659258,					0,
				0.25,					-0.9659258,					0.0669873,					0,
				-0.2926725,					-0.26035,					0.2092133,					1
			]
			,"name": "10-PH-Phlp-IMP-1"		}
,
		{
			"mesh": 45
			,"name": "10-PH-Phlp-IMP-1 - Part"		}
,
		{
			"children": [
				100
			]
			,"matrix": [
				0.9330127,					0.258819,					0.25,					0,
				-0.258819,					-1.109336E-31,					0.9659258,					0,
				0.25,					-0.9659258,					0.0669873,					0,
				-0.2926725,					-0.130175,					0.2092133,					1
			]
			,"name": "10-PH-Phlp-IMP-2"		}
,
		{
			"mesh": 46
			,"name": "10-PH-Phlp-IMP-2 - Part"		}
,
		{
			"children": [
				102
			]
			,"matrix": [
				0.9330127,					0.258819,					0.25,					0,
				-0.258819,					-1.109336E-31,					0.9659258,					0,
				0.25,					-0.9659258,					0.0669873,					0,
				-0.2926725,					3.864862E-15,					0.2092133,					1
			]
			,"name": "10-PH-Phlp-IMP-3"		}
,
		{
			"mesh": 47
			,"name": "10-PH-Phlp-IMP-3 - Part"		}
,
		{
			"children": [
				104
			]
			,"matrix": [
				0.9330127,					0.258819,					0.25,					0,
				-0.258819,					-1.109336E-31,					0.9659258,					0,
				0.25,					-0.9659258,					0.0669873,					0,
				-0.2926725,					0.130175,					0.2092133,					1
			]
			,"name": "10-PH-Phlp-IMP-4"		}
,
		{
			"mesh": 48
			,"name": "10-PH-Phlp-IMP-4 - Part"		}
,
		{
			"children": [
				106
			]
			,"matrix": [
				0.9330127,					0.258819,					0.25,					0,
				-0.258819,					-1.109336E-31,					0.9659258,					0,
				0.25,					-0.9659258,					0.0669873,					0,
				-0.2926725,					0.26035,					0.2092133,					1
			]
			,"name": "10-PH-Phlp-IMP-5"		}
,
		{
			"mesh": 49
			,"name": "10-PH-Phlp-IMP-5 - Part"		}
,
		{
			"children": [
				108, 109, 110
			]
			,"matrix": [
				0.9330127,					0.258819,					0.25,					0,
				-0.258819,					0,					0.9659258,					0,
				0.25,					-0.9659258,					0.0669873,					0,
				-0.2904045,					-0.26035,					0.2007489,					1
			]
			,"name": "Flat Sealing Washer-1"		}
,
		{
			"mesh": 50
			,"name": "Flat Sealing Washer-1 - Part"		}
,
		{
			"mesh": 51
			,"name": "Flat Sealing Washer-1 - Part 2"		}
,
		{
			"mesh": 52
			,"name": "Flat Sealing Washer-1 - Part 3"		}
,
		{
			"children": [
				112, 113, 114
			]
			,"matrix": [
				0.9330127,					0.258819,					0.25,					0,
				-0.258819,					0,					0.9659258,					0,
				0.25,					-0.9659258,					0.0669873,					0,
				-0.2904045,					-0.130175,					0.2007489,					1
			]
			,"name": "Flat Sealing Washer-2"		}
,
		{
			"mesh": 53
			,"name": "Flat Sealing Washer-2 - Part"		}
,
		{
			"mesh": 54
			,"name": "Flat Sealing Washer-2 - Part 2"		}
,
		{
			"mesh": 55
			,"name": "Flat Sealing Washer-2 - Part 3"		}
,
		{
			"children": [
				116, 117, 118
			]
			,"matrix": [
				0.9330127,					0.258819,					0.25,					0,
				-0.258819,					0,					0.9659258,					0,
				0.25,					-0.9659258,					0.0669873,					0,
				-0.2904045,					-1.832978E-20,					0.2007489,					1
			]
			,"name": "Flat Sealing Washer-3"		}
,
		{
			"mesh": 56
			,"name": "Flat Sealing Washer-3 - Part"		}
,
		{
			"mesh": 57
			,"name": "Flat Sealing Washer-3 - Part 2"		}
,
		{
			"mesh": 58
			,"name": "Flat Sealing Washer-3 - Part 3"		}
,
		{
			"children": [
				120, 121, 122
			]
			,"matrix": [
				0.9330127,					0.258819,					0.25,					0,
				-0.258819,					0,					0.9659258,					0,
				0.25,					-0.9659258,					0.0669873,					0,
				-0.2904045,					0.130175,					0.2007489,					1
			]
			,"name": "Flat Sealing Washer-4"		}
,
		{
			"mesh": 59
			,"name": "Flat Sealing Washer-4 - Part"		}
,
		{
			"mesh": 60
			,"name": "Flat Sealing Washer-4 - Part 2"		}
,
		{
			"mesh": 61
			,"name": "Flat Sealing Washer-4 - Part 3"		}
,
		{
			"children": [
				124, 125, 126
			]
			,"matrix": [
				0.9330127,					0.258819,					0.25,					0,
				-0.258819,					0,					0.9659258,					0,
				0.25,					-0.9659258,					0.0669873,					0,
				-0.2904045,					0.26035,					0.2007489,					1
			]
			,"name": "Flat Sealing Washer-5"		}
,
		{
			"mesh": 62
			,"name": "Flat Sealing Washer-5 - Part"		}
,
		{
			"mesh": 63
			,"name": "Flat Sealing Washer-5 - Part 2"		}
,
		{
			"mesh": 64
			,"name": "Flat Sealing Washer-5 - Part 3"		}
,
		{
			"children": [
				128, 129, 130
			]
			,"matrix": [
				-0.9659258,					0,					-0.258819,					0,
				0,					1,					0,					0,
				0.258819,					0,					-0.9659258,					0,
				-0.2903388,					-0.26035,					0.2005035,					1
			]
			,"name": "#10-Hex-Lock-1"		}
,
		{
			"mesh": 65
			,"name": "#10-Hex-Lock-1 - Part"		}
,
		{
			"mesh": 66
			,"name": "#10-Hex-Lock-1 - Part 2"		}
,
		{
			"mesh": 67
			,"name": "#10-Hex-Lock-1 - Part 3"		}
,
		{
			"children": [
				132, 133, 134
			]
			,"matrix": [
				-0.9659258,					0,					-0.258819,					0,
				0,					1,					0,					0,
				0.258819,					0,					-0.9659258,					0,
				-0.2903388,					-0.130175,					0.2005035,					1
			]
			,"name": "#10-Hex-Lock-2"		}
,
		{
			"mesh": 68
			,"name": "#10-Hex-Lock-2 - Part"		}
,
		{
			"mesh": 69
			,"name": "#10-Hex-Lock-2 - Part 2"		}
,
		{
			"mesh": 70
			,"name": "#10-Hex-Lock-2 - Part 3"		}
,
		{
			"children": [
				136, 137, 138
			]
			,"matrix": [
				-0.9659258,					0,					-0.258819,					0,
				0,					1,					0,					0,
				0.258819,					0,					-0.9659258,					0,
				-0.2904045,					-1.832978E-20,					0.2007489,					1
			]
			,"name": "#10-Hex-Lock-3"		}
,
		{
			"mesh": 71
			,"name": "#10-Hex-Lock-3 - Part"		}
,
		{
			"mesh": 72
			,"name": "#10-Hex-Lock-3 - Part 2"		}
,
		{
			"mesh": 73
			,"name": "#10-Hex-Lock-3 - Part 3"		}
,
		{
			"children": [
				140, 141, 142
			]
			,"matrix": [
				-0.9659258,					0,					-0.258819,					0,
				0,					1,					0,					0,
				0.258819,					0,					-0.9659258,					0,
				-0.2903388,					0.130175,					0.2005035,					1
			]
			,"name": "#10-Hex-Lock-5"		}
,
		{
			"mesh": 74
			,"name": "#10-Hex-Lock-5 - Part"		}
,
		{
			"mesh": 75
			,"name": "#10-Hex-Lock-5 - Part 2"		}
,
		{
			"mesh": 76
			,"name": "#10-Hex-Lock-5 - Part 3"		}
,
		{
			"children": [
				144, 145, 146
			]
			,"matrix": [
				-0.9659258,					0,					-0.258819,					0,
				0,					1,					0,					0,
				0.258819,					0,					-0.9659258,					0,
				-0.2903388,					0.26035,					0.2005035,					1
			]
			,"name": "#10-Hex-Lock-6"		}
,
		{
			"mesh": 77
			,"name": "#10-Hex-Lock-6 - Part"		}
,
		{
			"mesh": 78
			,"name": "#10-Hex-Lock-6 - Part 2"		}
,
		{
			"mesh": 79
			,"name": "#10-Hex-Lock-6 - Part 3"		}
,
		{
			"children": [
				148
			]
			,"matrix": [
				0.7499231,					0.661525,					1.479563E-15,					0,
				1.954736E-16,					2.014999E-15,					-1,					0,
				-0.661525,					0.7499231,					1.381784E-15,					0,
				-0.248793,					0.271653,					0.02463165,					1
			]
			,"name": "#3-8-Flat-Reg-28"		}
,
		{
			"mesh": 80
			,"name": "#3-8-Flat-Reg-28 - Part"		}
,
		{
			"children": [
				150
			]
			,"matrix": [
				0.9956918,					-0.09272499,					0,					0,
				0.09272499,					0.9956918,					0,					0,
				0,					0,					1,					0,
				-0.248793,					0.271653,					0.02701925,					1
			]
			,"name": "#3-8-Hex-Std-38"		}
,
		{
			"mesh": 81
			,"name": "#3-8-Hex-Std-38 - Part"		}
,
		{
			"children": [
				152
			]
			,"matrix": [
				0.9803826,					0.1971037,					3.497075E-15,					0,
				-0.1971037,					0.9803826,					2.470966E-15,					0,
				-2.941435E-15,					-3.111779E-15,					1,					0,
				0.248793,					0.271653,					0.02701925,					1
			]
			,"name": "#3-8-Hex-Std-37"		}
,
		{
			"mesh": 82
			,"name": "#3-8-Hex-Std-37 - Part"		}
,
		{
			"children": [
				154
			]
			,"matrix": [
				0.9873505,					0.1585528,					4.124479E-14,					0,
				3.617918E-14,					3.483544E-14,					-1,					0,
				-0.1585528,					0.9873505,					2.865848E-14,					0,
				0.248793,					0.271653,					0.02463165,					1
			]
			,"name": "#3-8-Flat-Reg-27"		}
,
		{
			"mesh": 83
			,"name": "#3-8-Flat-Reg-27 - Part"		}
,
		{
			"children": [
				156
			]
			,"matrix": [
				0.9595072,					0.281684,					2.744598E-15,					0,
				-0.281684,					0.9595072,					3.55341E-15,					0,
				-1.632523E-15,					-4.182633E-15,					1,					0,
				-0.223266,					-0.271653,					0.02701925,					1
			]
			,"name": "#3-8-Hex-Std-36"		}
,
		{
			"mesh": 84
			,"name": "#3-8-Hex-Std-36 - Part"		}
,
		{
			"children": [
				158
			]
			,"matrix": [
				0.9997789,					-0.02102636,					4.016259E-14,					0,
				4.166843E-14,					7.117902E-14,					-1,					0,
				0.02102636,					0.9997789,					7.203943E-14,					0,
				-0.223266,					-0.271653,					0.02463165,					1
			]
			,"name": "#3-8-Flat-Reg-24"		}
,
		{
			"mesh": 85
			,"name": "#3-8-Flat-Reg-24 - Part"		}
,
		{
			"children": [
				160
			]
			,"matrix": [
				0.9285714,					0.3711537,					2.420286E-14,					0,
				-0.3711537,					0.9285714,					4.746203E-14,					0,
				-4.884981E-15,					-5.304091E-14,					1,					0,
				0.223266,					-0.271653,					0.02701925,					1
			]
			,"name": "#3-8-Hex-Std-39"		}
,
		{
			"mesh": 86
			,"name": "#3-8-Hex-Std-39 - Part"		}
,
		{
			"children": [
				162
			]
			,"matrix": [
				0.9124584,					0.4091695,					4.561831E-14,					0,
				1.317813E-14,					8.210245E-14,					-1,					0,
				-0.4091695,					0.9124584,					6.952299E-14,					0,
				0.223266,					-0.271653,					0.02463165,					1
			]
			,"name": "#3-8-Flat-Reg-26"		}
,
		{
			"mesh": 87
			,"name": "#3-8-Flat-Reg-26 - Part"		}
,
		{
			"children": [
				164
			]
			,"matrix": [
				-0.09918908,					-0.92365,					0.3701787,					0,
				-0.9659258,					4.284936E-14,					-0.258819,					0,
				0.2390582,					-0.3832372,					-0.8921773,					0,
				-0.4557356,					-0.2126488,					0.7023012,					1
			]
			,"name": "#1-4-Flat-Reg-28"		}
,
		{
			"mesh": 88
			,"name": "#1-4-Flat-Reg-28 - Part"		}
,
		{
			"children": [
				166
			]
			,"matrix": [
				-0.0510374,					-0.9803646,					0.1904742,					0,
				-0.9659258,					-2.78796E-15,					-0.258819,					0,
				0.253737,					-0.1971934,					-0.9469595,					0,
				-0.4557356,					-0.2507488,					0.7023012,					1
			]
			,"name": "#1-4-Flat-Reg-30"		}
,
		{
			"mesh": 89
			,"name": "#1-4-Flat-Reg-30 - Part"		}
,
		{
			"children": [
				168, 169
			]
			,"matrix": [
				0.258819,					-3.026218E-13,					-0.9659258,					0,
				1.19746E-13,					1,					-2.812113E-13,					0,
				0.9659258,					-4.288289E-14,					0.258819,					0,
				-0.4557356,					-0.2126488,					0.7023012,					1
			]
			,"name": "#1-4-Hex-Lock-2"		}
,
		{
			"mesh": 90
			,"name": "#1-4-Hex-Lock-2 - Part"		}
,
		{
			"mesh": 91
			,"name": "#1-4-Hex-Lock-2 - Part 2"		}
,
		{
			"children": [
				171, 172
			]
			,"matrix": [
				0.258819,					-3.447802E-13,					-0.9659258,					0,
				8.649379E-14,					1,					-3.337668E-13,					0,
				0.9659258,					2.838622E-15,					0.258819,					0,
				-0.4557356,					-0.2507488,					0.7023012,					1
			]
			,"name": "#1-4-Hex-Lock-3"		}
,
		{
			"mesh": 92
			,"name": "#1-4-Hex-Lock-3 - Part"		}
,
		{
			"mesh": 93
			,"name": "#1-4-Hex-Lock-3 - Part 2"		}
,
		{
			"children": [
				174, 175, 176, 177
			]
			,"matrix": [
				0.258819,					-2.760738E-13,					-0.9659258,					0,
				7.156039E-14,					1,					-2.666381E-13,					0,
				0.9659258,					-1.110223E-16,					0.258819,					0,
				-0.3509766,					0.2072757,					0.2996568,					1
			]
			,"name": "NEMA Label-1"		}
,
		{
			"mesh": 94
			,"name": "NEMA Label-1 - Part"		}
,
		{
			"mesh": 95
			,"name": "NEMA Label-1 - Part 2"		}
,
		{
			"mesh": 96
			,"name": "NEMA Label-1 - Part 3"		}
,
		{
			"mesh": 97
			,"name": "NEMA Label-1 - Part 4"		}
,
		{
			"children": [
				179, 181
			]
			,"name": "0000-3091-1"		}
,
		{
			"children": [
				180
			]
			,"matrix": [
				-0.9659258,					3.444499E-16,					-0.258819,					0,
				0.258819,					-4.281257E-16,					-0.9659258,					0,
				-3.415599E-16,					-1,					3.728243E-16,					0,
				-0.3044763,					0.27305,					0.2041966,					1
			]
			,"name": "0000-3091B-1"		}
,
		{
			"mesh": 98
			,"name": "0000-3091B-1 - Part"		}
,
		{
			"children": [
				182
			]
			,"matrix": [
				0.9659258,					-4.192615E-16,					0.258819,					0,
				-0.258819,					3.428194E-16,					0.9659258,					0,
				-4.937037E-16,					-1,					2.226253E-16,					0,
				-0.3044763,					0.27305,					0.2041966,					1
			]
			,"name": "0000-3091A-1"		}
,
		{
			"mesh": 99
			,"name": "0000-3091A-1 - Part"		}
,
		{
			"children": [
				184, 185, 186, 187
			]
			,"matrix": [
				2.203034E-16,					0,					-1,					0,
				0,					1,					0,					0,
				1,					0,					2.203034E-16,					0,
				-0.302895,					-0.2477471,					0.170964,					1
			]
			,"name": "0000-0810-1"		}
,
		{
			"mesh": 100
			,"name": "0000-0810-1 - Part"		}
,
		{
			"mesh": 101
			,"name": "0000-0810-1 - Part 2"		}
,
		{
			"mesh": 102
			,"name": "0000-0810-1 - Part 3"		}
,
		{
			"mesh": 103
			,"name": "0000-0810-1 - Part 4"		}
,
		{
			"children": [
				189, 190, 191, 192
			]
			,"matrix": [
				0.258819,					3.261829E-17,					-0.9659258,					0,
				3.114903E-15,					1,					8.684046E-16,					0,
				0.9659258,					-3.233525E-15,					0.258819,					0,
				-0.3474905,					-0.225784,					0.2866464,					1
			]
			,"name": "0000-0810-2"		}
,
		{
			"mesh": 104
			,"name": "0000-0810-2 - Part"		}
,
		{
			"mesh": 105
			,"name": "0000-0810-2 - Part 2"		}
,
		{
			"mesh": 106
			,"name": "0000-0810-2 - Part 3"		}
,
		{
			"mesh": 107
			,"name": "0000-0810-2 - Part 4"		}
,
		{
			"children": [
				194, 196, 198, 200, 202
			]
			,"name": "0000-9665-2"		}
,
		{
			"children": [
				195
			]
			,"matrix": [
				1,					0,					0,					0,
				0,					1,					0,					0,
				0,					0,					1,					0,
				5.551115E-17,					-0.2811018,					0.01985645,					1
			]
			,"name": "0000-9665-1"		}
,
		{
			"mesh": 108
			,"name": "0000-9665-1 - Part"		}
,
		{
			"children": [
				197
			]
			,"matrix": [
				1,					0,					0,					0,
				0,					2.449294E-16,					-1,					0,
				0,					1,					2.449294E-16,					0,
				0.0230886,					0.2593086,					0.01985645,					1
			]
			,"name": "Std-SS-CLS-1"		}
,
		{
			"mesh": 109
			,"name": "Std-SS-CLS-1 - Part"		}
,
		{
			"children": [
				199
			]
			,"matrix": [
				1,					0,					0,					0,
				0,					2.449294E-16,					-1,					0,
				0,					1,					2.449294E-16,					0,
				0.188595,					0.2718054,					0.01985645,					1
			]
			,"name": "Std-SS-CLS-2"		}
,
		{
			"mesh": 110
			,"name": "Std-SS-CLS-2 - Part"		}
,
		{
			"children": [
				201
			]
			,"matrix": [
				1,					0,					0,					0,
				0,					2.449294E-16,					-1,					0,
				0,					1,					2.449294E-16,					0,
				0.188595,					0.146812,					0.01985645,					1
			]
			,"name": "Std-SS-CLS-3"		}
,
		{
			"mesh": 111
			,"name": "Std-SS-CLS-3 - Part"		}
,
		{
			"children": [
				203
			]
			,"matrix": [
				1,					0,					0,					0,
				0,					2.449294E-16,					-1,					0,
				0,					1,					2.449294E-16,					0,
				0.0230886,					0.1593088,					0.01985645,					1
			]
			,"name": "Std-SS-CLS-4"		}
,
		{
			"mesh": 112
			,"name": "Std-SS-CLS-4 - Part"		}
,
		{
			"children": [
				205, 207, 209, 211, 213, 215, 217
			]
			,"matrix": [
				-0.005500736,					0.9997741,					0.02052902,					0,
				0.2587606,					0.02125321,					-0.9657077,					0,
				-0.9659258,					3.166956E-10,					-0.2588191,					0,
				-0.4153178,					0.1737709,					0.746021,					1
			]
			,"name": "Latch - Slotted - Non-Locking-1"		}
,
		{
			"children": [
				206
			]
			,"name": "Imported32-1-surface1"		}
,
		{
			"mesh": 113
			,"name": "Imported32-1-surface1 - Part"		}
,
		{
			"children": [
				208
			]
			,"name": "Imported32-1-surface2"		}
,
		{
			"mesh": 114
			,"name": "Imported32-1-surface2 - Part"		}
,
		{
			"children": [
				210
			]
			,"name": "Imported32-1-surface3"		}
,
		{
			"mesh": 115
			,"name": "Imported32-1-surface3 - Part"		}
,
		{
			"children": [
				212
			]
			,"name": "Imported33-1-surface1"		}
,
		{
			"mesh": 116
			,"name": "Imported33-1-surface1 - Part"		}
,
		{
			"children": [
				214
			]
			,"name": "Imported33-1-surface2"		}
,
		{
			"mesh": 117
			,"name": "Imported33-1-surface2 - Part"		}
,
		{
			"children": [
				216
			]
			,"name": "Imported34-1-surface1"		}
,
		{
			"mesh": 118
			,"name": "Imported34-1-surface1 - Part"		}
,
		{
			"children": [
				218
			]
			,"name": "Imported37-1-surface1"		}
,
		{
			"mesh": 119
			,"name": "Imported37-1-surface1 - Part"		}
,
		{
			"children": [
				220, 222, 224, 226, 228, 230, 232
			]
			,"matrix": [
				-0.03635624,					-0.9900849,					0.1356833,					0,
				-0.2562528,					0.1404697,					0.9563487,					0,
				-0.9659258,					2.09316E-09,					-0.258819,					0,
				-0.4155064,					-0.1737117,					0.746725,					1
			]
			,"name": "Latch - Slotted - Non-Locking-2"		}
,
		{
			"children": [
				221
			]
			,"name": "Imported32-1-surface1 2"		}
,
		{
			"mesh": 120
			,"name": "Imported32-1-surface1 2 - Part"		}
,
		{
			"children": [
				223
			]
			,"name": "Imported32-1-surface2 2"		}
,
		{
			"mesh": 121
			,"name": "Imported32-1-surface2 2 - Part"		}
,
		{
			"children": [
				225
			]
			,"name": "Imported32-1-surface3 2"		}
,
		{
			"mesh": 122
			,"name": "Imported32-1-surface3 2 - Part"		}
,
		{
			"children": [
				227
			]
			,"name": "Imported33-1-surface1 2"		}
,
		{
			"mesh": 123
			,"name": "Imported33-1-surface1 2 - Part"		}
,
		{
			"children": [
				229
			]
			,"name": "Imported33-1-surface2 2"		}
,
		{
			"mesh": 124
			,"name": "Imported33-1-surface2 2 - Part"		}
,
		{
			"children": [
				231
			]
			,"name": "Imported34-1-surface1 2"		}
,
		{
			"mesh": 125
			,"name": "Imported34-1-surface1 2 - Part"		}
,
		{
			"children": [
				233
			]
			,"name": "Imported37-1-surface1 2"		}
,
		{
			"mesh": 126
			,"name": "Imported37-1-surface1 2 - Part"		}
,
		{
			"children": [
				235
			]
			,"matrix": [
				0.2587606,					0.02125321,					-0.9657077,					0,
				-0.005500736,					0.9997741,					0.02052902,					0,
				0.9659258,					1.885426E-15,					0.258819,					0,
				-0.4484612,					0.215849,					0.7411155,					1
			]
			,"name": "1-PT Cam-1"		}
,
		{
			"mesh": 127
			,"name": "1-PT Cam-1 - Part"		}
,
		{
			"children": [
				237
			]
			,"matrix": [
				0.03635624,					0.9900849,					-0.1356833,					0,
				-0.2562529,					0.1404697,					0.9563487,					0,
				0.9659258,					3.594347E-15,					0.258819,					0,
				-0.4484375,					-0.2159565,					0.7410272,					1
			]
			,"name": "1-PT Cam-2"		}
,
		{
			"mesh": 128
			,"name": "1-PT Cam-2 - Part"		}
,
		{
			"children": [
				239
			]
			,"matrix": [
				1,					0,					0,					0,
				0,					1,					0,					0,
				0,					0,					1,					0,
				-0.1778,					0.2848864,					-0.0045466,					1
			]
			,"name": "0000-7020-1"		}
,
		{
			"mesh": 129
			,"name": "0000-7020-1 - Part"		}
,
		{
			"children": [
				241
			]
			,"matrix": [
				1,					0,					0,					0,
				0,					1,					0,					0,
				0,					0,					1,					0,
				0.1778,					0.2848864,					-0.0045466,					1
			]
			,"name": "0000-7020-2"		}
,
		{
			"mesh": 130
			,"name": "0000-7020-2 - Part"		}
,
		{
			"children": [
				243
			]
			,"matrix": [
				-1,					0,					0,					0,
				0,					-1,					0,					0,
				0,					-1.665335E-16,					1,					0,
				0.1778,					-0.2848864,					-0.0045466,					1
			]
			,"name": "0000-7021-1"		}
,
		{
			"mesh": 131
			,"name": "0000-7021-1 - Part"		}
,
		{
			"children": [
				245
			]
			,"matrix": [
				-1,					0,					0,					0,
				0,					-1,					0,					0,
				0,					-1.665335E-16,					1,					0,
				-0.1778,					-0.2848864,					-0.0045466,					1
			]
			,"name": "0000-7021-2"		}
,
		{
			"mesh": 132
			,"name": "0000-7021-2 - Part"		}
,
		{
			"children": [
				247, 249, 251
			]
			,"name": "0000-8487-SST-1"		}
,
		{
			"children": [
				248
			]
			,"matrix": [
				0.258819,					-1.16615E-16,					-0.9659258,					0,
				-2.604477E-15,					1,					-8.185962E-16,					0,
				0.9659258,					2.7276E-15,					0.258819,					0,
				-0.4613177,					-0.2786888,					0.7114554,					1
			]
			,"name": "0000-8487-SST-1 2"		}
,
		{
			"mesh": 133
			,"name": "0000-8487-SST-1 2 - Part"		}
,
		{
			"children": [
				250
			]
			,"matrix": [
				-0.9659258,					-2.920789E-15,					-0.258819,					0,
				0.258819,					-4.588622E-17,					-0.9659258,					0,
				2.809389E-15,					-1,					8.002785E-16,					0,
				-0.4422043,					-0.2723388,					0.695277,					1
			]
			,"name": "Semi-Tube Rivet Oval-1 2"		}
,
		{
			"mesh": 134
			,"name": "Semi-Tube Rivet Oval-1 2 - Part"		}
,
		{
			"children": [
				252
			]
			,"matrix": [
				-0.9655155,					-0.02914595,					-0.2587091,					0,
				0.258819,					-5.378552E-17,					-0.9659258,					0,
				0.02815283,					-0.9995751,					0.007543527,					0,
				-0.4469047,					-0.2723388,					0.7128192,					1
			]
			,"name": "0000-0648-1"		}
,
		{
			"mesh": 135
			,"name": "0000-0648-1 - Part"		}
,
		{
			"children": [
				254
			]
			,"matrix": [
				0.9846468,					-0.1745586,					2.397037E-16,					0,
				2.778432E-16,					1.940536E-16,					-1,					0,
				0.1745586,					0.9846468,					2.395742E-16,					0,
				-0.248793,					0.271653,					0.02701925,					1
			]
			,"name": "#3-8-Lock Split-1"		}
,
		{
			"mesh": 136
			,"name": "#3-8-Lock Split-1 - Part"		}
,
		{
			"children": [
				256
			]
			,"matrix": [
				1,					-1.354967E-15,					1.910079E-15,					0,
				1.910079E-15,					4.345697E-15,					-1,					0,
				1.354967E-15,					1,					4.345697E-15,					0,
				-0.223266,					-0.271653,					0.02701925,					1
			]
			,"name": "#3-8-Lock Split-2"		}
,
		{
			"mesh": 137
			,"name": "#3-8-Lock Split-2 - Part"		}
,
		{
			"children": [
				258
			]
			,"matrix": [
				1,					1.059147E-16,					4.491968E-16,					0,
				4.491968E-16,					4.811031E-15,					-1,					0,
				-1.059147E-16,					1,					4.811031E-15,					0,
				0.223266,					-0.271653,					0.02701925,					1
			]
			,"name": "#3-8-Lock Split-3"		}
,
		{
			"mesh": 138
			,"name": "#3-8-Lock Split-3 - Part"		}
,
		{
			"children": [
				260
			]
			,"matrix": [
				1,					-2.616059E-15,					3.17117E-15,					0,
				3.17117E-15,					3.372649E-15,					-1,					0,
				2.616059E-15,					1,					3.372649E-15,					0,
				0.248793,					0.271653,					0.02701925,					1
			]
			,"name": "#3-8-Lock Split-4"		}
,
		{
			"mesh": 139
			,"name": "#3-8-Lock Split-4 - Part"		}
,
		{
			"children": [
				262
			]
			,"matrix": [
				1,					0,					0,					0,
				0,					0,					-1,					0,
				0,					1,					0,					0,
				-0.248793,					0.271653,					0.00254,					1
			]
			,"name": "#1-2-Flat-Reg-1"		}
,
		{
			"mesh": 140
			,"name": "#1-2-Flat-Reg-1 - Part"		}
,
		{
			"children": [
				264
			]
			,"matrix": [
				1,					1.44329E-15,					1.44329E-15,					0,
				1.44329E-15,					1.304512E-15,					-1,					0,
				-1.44329E-15,					1,					1.304512E-15,					0,
				-0.248793,					0.271653,					0.0041402,					1
			]
			,"name": "#3-8-Flat-Reg-29"		}
,
		{
			"mesh": 141
			,"name": "#3-8-Flat-Reg-29 - Part"		}
,
		{
			"children": [
				266
			]
			,"matrix": [
				1,					0,					0,					0,
				0,					1,					0,					0,
				0,					0,					1,					0,
				-0.248793,					0.271653,					0.0041402,					1
			]
			,"name": "#3-8-Hex-Std-41"		}
,
		{
			"mesh": 142
			,"name": "#3-8-Hex-Std-41 - Part"		}
,
		{
			"children": [
				268
			]
			,"matrix": [
				-5.201428E-16,					-2.153703E-16,					-1,					0,
				2.153703E-16,					1,					-2.153703E-16,					0,
				1,					-2.153703E-16,					-5.201428E-16,					0,
				-0.248793,					0.271653,					0.01825625,					1
			]
			,"name": "#3-8-Hex-Jam-57"		}
,
		{
			"mesh": 143
			,"name": "#3-8-Hex-Jam-57 - Part"		}
,
		{
			"children": [
				270
			]
			,"matrix": [
				1,					1.44329E-15,					1.44329E-15,					0,
				1.44329E-15,					1.304512E-15,					-1,					0,
				-1.44329E-15,					1,					1.304512E-15,					0,
				-0.248793,					0.271653,					0.01985645,					1
			]
			,"name": "#3-8-Flat-Reg-31"		}
,
		{
			"mesh": 144
			,"name": "#3-8-Flat-Reg-31 - Part"		}
,
		{
			"children": [
				272
			]
			,"matrix": [
				0.2168259,					-0.9762103,					1.755734E-16,					0,
				4.101973E-17,					-1.707412E-16,					-1,					0,
				0.9762103,					0.2168259,					3.022763E-18,					0,
				0.248793,					0.271653,					0.00254,					1
			]
			,"name": "#1-2-Flat-Reg-2"		}
,
		{
			"mesh": 145
			,"name": "#1-2-Flat-Reg-2 - Part"		}
,
		{
			"children": [
				274
			]
			,"matrix": [
				0.2168259,					-0.9762103,					1.562414E-15,					0,
				1.650403E-15,					-1.233918E-15,					-1,					0,
				0.9762103,					0.2168259,					1.343595E-15,					0,
				0.248793,					0.271653,					0.0041402,					1
			]
			,"name": "#3-8-Flat-Reg-32"		}
,
		{
			"mesh": 146
			,"name": "#3-8-Flat-Reg-32 - Part"		}
,
		{
			"children": [
				276
			]
			,"matrix": [
				0.2168259,					-0.9762103,					2.512499E-16,					0,
				0.9762103,					0.2168259,					8.032466E-17,					0,
				-1.328913E-16,					2.278562E-16,					1,					0,
				0.248793,					0.271653,					0.0041402,					1
			]
			,"name": "#3-8-Hex-Std-43"		}
,
		{
			"mesh": 147
			,"name": "#3-8-Hex-Std-43 - Part"		}
,
		{
			"children": [
				278
			]
			,"matrix": [
				5.858406E-15,					6.478766E-15,					-1,					0,
				0.9762103,					0.2168259,					7.105427E-15,					0,
				0.2168259,					-0.9762103,					-5.044296E-15,					0,
