{
	"asset": {
		"generator": "VISUALIZEGLTF",
		"version" : "2.0"
	},
	"extensionsUsed": [ "KHR_draco_mesh_compression","KHR_materials_pbrSpecularGlossiness" ],
	"extensionsRequired": [ "KHR_draco_mesh_compression" ],
	"scenes": [
		{
			"name": "Default",
			"nodes": [
				0]
		}
	],
	"nodes": [
		{
			"children": [
				1, 159, 160, 161, 162
			]
			,"name": "Root"		}
,
		{
			"children": [
				2, 7, 12, 31, 104, 107, 110, 112, 115, 118, 120, 122, 124, 126, 130, 132
			]
			,"matrix": [
				1,					0,					0,					0,
				0,					1,					0,					0,
				0,					0,					1,					0,
				0,					0.008099074,					0,					1
			]
			,"name": "0000-1995 (Door Closed)"		}
,
		{
			"children": [
				3, 5
			]
			,"name": "0000-1995C-2"		}
,
		{
			"children": [
				4
			]
			,"name": "0000-1995C-1"		}
,
		{
			"mesh": 0
			,"name": "0000-1995C-1 - Part"		}
,
		{
			"children": [
				6
			]
			,"matrix": [
				-1.110223E-16,					1,					-2.141768E-16,					0,
				-1,					-1.665335E-16,					3.443057E-15,					0,
				3.349956E-15,					1.298247E-16,					1,					0,
				-0.000127,					0.1645105,					-0.0117348,					1
			]
			,"name": "0000-1995G-1"		}
,
		{
			"mesh": 1
			,"name": "0000-1995G-1 - Part"		}
,
		{
			"children": [
				8, 10
			]
			,"name": "0000-1994B-1"		}
,
		{
			"children": [
				9
			]
			,"matrix": [
				1.387779E-17,					2.110839E-17,					1,					0,
				-1,					6.867492E-15,					1.387779E-17,					0,
				-6.867492E-15,					-1,					2.110839E-17,					0,
				-0.4666615,					0.3168637,					-0.0201168,					1
			]
			,"name": "0000-1994B2-1"		}
,
		{
			"mesh": 2
			,"name": "0000-1994B2-1 - Part"		}
,
		{
			"children": [
				11
			]
			,"matrix": [
				1.387779E-17,					3.773302E-17,					1,					0,
				1,					-7.21645E-15,					-1.387779E-17,					0,
				7.21645E-15,					1,					-3.773302E-17,					0,
				-0.4666615,					0.01206373,					-0.0201168,					1
			]
			,"name": "0000-1994B1-1"		}
,
		{
			"mesh": 3
			,"name": "0000-1994B1-1 - Part"		}
,
		{
			"children": [
				13, 15, 17, 19, 21, 23, 25, 27, 29
			]
			,"name": "0000-1995A-1"		}
,
		{
			"children": [
				14
			]
			,"matrix": [
				1,					0,					0,					0,
				0,					1,					0,					0,
				0,					0,					1,					0,
				-0.231902,					0.1644637,					0.0042926,					1
			]
			,"name": "0000-1995A-1 2"		}
,
		{
			"mesh": 4
			,"name": "0000-1995A-1 2 - Part"		}
,
		{
			"children": [
				16
			]
			,"matrix": [
				1,					-7.534745E-15,					2.747802E-15,					0,
				2.747802E-15,					-3.928128E-17,					-1,					0,
				7.534745E-15,					1,					-3.928128E-17,					0,
				-0.0785368,					0.2533637,					0.0061722,					1
			]
			,"name": "#10-32 Stud FH-FHS-FHA-1"		}
,
		{
			"mesh": 5
			,"name": "#10-32 Stud FH-FHS-FHA-1 - Part"		}
,
		{
			"children": [
				18
			]
			,"matrix": [
				1,					-7.534745E-15,					2.747802E-15,					0,
				2.747802E-15,					-3.928128E-17,					-1,					0,
				7.534745E-15,					1,					-3.928128E-17,					0,
				-0.0785368,					0.07556373,					0.0061722,					1
			]
			,"name": "#10-32 Stud FH-FHS-FHA-2"		}
,
		{
			"mesh": 6
			,"name": "#10-32 Stud FH-FHS-FHA-2 - Part"		}
,
		{
			"children": [
				20
			]
			,"matrix": [
				1,					-7.534745E-15,					2.747802E-15,					0,
				2.747802E-15,					-3.928128E-17,					-1,					0,
				7.534745E-15,					1,					-3.928128E-17,					0,
				-0.1665097,					0.02649093,					0.0061722,					1
			]
			,"name": "#10-32 Stud FH-FHS-FHA-3"		}
,
		{
			"mesh": 7
			,"name": "#10-32 Stud FH-FHS-FHA-3 - Part"		}
,
		{
			"children": [
				22
			]
			,"matrix": [
				1,					-7.534745E-15,					2.747802E-15,					0,
				2.747802E-15,					-3.928128E-17,					-1,					0,
				7.534745E-15,					1,					-3.928128E-17,					0,
				-0.3443097,					0.02649093,					0.0061722,					1
			]
			,"name": "#10-32 Stud FH-FHS-FHA-4"		}
,
		{
			"mesh": 8
			,"name": "#10-32 Stud FH-FHS-FHA-4 - Part"		}
,
		{
			"children": [
				24
			]
			,"matrix": [
				1,					-7.534745E-15,					2.747802E-15,					0,
				2.747802E-15,					-3.928128E-17,					-1,					0,
				7.534745E-15,					1,					-3.928128E-17,					0,
				-0.4322826,					0.07556373,					0.0061722,					1
			]
			,"name": "#10-32 Stud FH-FHS-FHA-5"		}
,
		{
			"mesh": 9
			,"name": "#10-32 Stud FH-FHS-FHA-5 - Part"		}
,
		{
			"children": [
				26
			]
			,"matrix": [
				1,					-7.534745E-15,					2.747802E-15,					0,
				2.747802E-15,					-3.928128E-17,					-1,					0,
				7.534745E-15,					1,					-3.928128E-17,					0,
				-0.4322826,					0.2533637,					0.0061722,					1
			]
			,"name": "#10-32 Stud FH-FHS-FHA-6"		}
,
		{
			"mesh": 10
			,"name": "#10-32 Stud FH-FHS-FHA-6 - Part"		}
,
		{
			"children": [
				28
			]
			,"matrix": [
				1,					-7.534745E-15,					2.747802E-15,					0,
				2.747802E-15,					-3.928128E-17,					-1,					0,
				7.534745E-15,					1,					-3.928128E-17,					0,
				-0.3443097,					0.3024365,					0.0061722,					1
			]
			,"name": "#10-32 Stud FH-FHS-FHA-7"		}
,
		{
			"mesh": 11
			,"name": "#10-32 Stud FH-FHS-FHA-7 - Part"		}
,
		{
			"children": [
				30
			]
			,"matrix": [
				1,					-7.534745E-15,					2.747802E-15,					0,
				2.747802E-15,					-3.928128E-17,					-1,					0,
				7.534745E-15,					1,					-3.928128E-17,					0,
				-0.1665097,					0.3024365,					0.0061722,					1
			]
			,"name": "#10-32 Stud FH-FHS-FHA-8"		}
,
		{
			"mesh": 12
			,"name": "#10-32 Stud FH-FHS-FHA-8 - Part"		}
,
		{
			"children": [
				32, 34, 36, 38, 40, 42, 44, 46, 48, 50, 52, 54, 56, 58, 60, 62, 64, 66, 68, 70, 72, 74, 76, 78, 80, 82, 84, 86, 88, 90, 92, 96, 100
			]
			,"name": "Hardware-3"		}
,
		{
			"children": [
				33
			]
			,"matrix": [
				6.494805E-15,					1,					5.416817E-13,					0,
				-1,					6.494805E-15,					1.468954E-26,					0,
				1.117143E-26,					-5.416817E-13,					1,					0,
				-0.4684522,					0.02476373,					-0.0074168,					1
			]
			,"name": "10-PH-Phlp-IMP-1"		}
,
		{
			"mesh": 13
			,"name": "10-PH-Phlp-IMP-1 - Part"		}
,
		{
			"children": [
				35
			]
			,"matrix": [
				6.550316E-15,					1,					5.407927E-13,					0,
				-1,					6.661338E-15,					2.224317E-26,					0,
				1.116784E-26,					-5.407927E-13,					1,					0,
				-0.4684522,					0.1644637,					-0.0074168,					1
			]
			,"name": "10-PH-Phlp-IMP-2"		}
,
		{
			"mesh": 14
			,"name": "10-PH-Phlp-IMP-2 - Part"		}
,
		{
			"children": [
				37
			]
			,"matrix": [
				6.661338E-15,					1,					5.460141E-13,					0,
				-1,					6.661338E-15,					1.441175E-26,					0,
				1.077457E-26,					-5.460141E-13,					1,					0,
				-0.4684522,					0.3041637,					-0.0074168,					1
			]
			,"name": "10-PH-Phlp-IMP-3"		}
,
		{
			"mesh": 15
			,"name": "10-PH-Phlp-IMP-3 - Part"		}
,
		{
			"children": [
				39
			]
			,"matrix": [
				7.268329E-15,					1,					4.290425E-16,					0,
				-1,					7.268329E-15,					5.828671E-16,					0,
				5.828671E-16,					-4.290425E-16,					1,					0,
				-0.4716526,					0.02476373,					-0.0074168,					1
			]
			,"name": "Semi-Tube Rivet Oval-1"		}
,
		{
			"mesh": 16
			,"name": "Semi-Tube Rivet Oval-1 - Part"		}
,
		{
			"children": [
				41
			]
			,"matrix": [
				7.268329E-15,					1,					-4.146372E-15,					0,
				-1,					7.268329E-15,					5.828671E-16,					0,
				5.828671E-16,					4.146372E-15,					1,					0,
				-0.4716526,					0.1644637,					-0.0074168,					1
			]
			,"name": "Semi-Tube Rivet Oval-2"		}
,
		{
			"mesh": 17
			,"name": "Semi-Tube Rivet Oval-2 - Part"		}
,
		{
			"children": [
				43
			]
			,"matrix": [
				7.268329E-15,					1,					5.363369E-16,					0,
				-1,					7.268329E-15,					5.689893E-16,					0,
				5.689893E-16,					-5.363369E-16,					1,					0,
				-0.4716526,					0.3041637,					-0.0074168,					1
			]
			,"name": "Semi-Tube Rivet Oval-3"		}
,
		{
			"mesh": 18
			,"name": "Semi-Tube Rivet Oval-3 - Part"		}
,
		{
			"children": [
				45
			]
			,"matrix": [
				0.7065469,					0.7076662,					7.659536E-13,					0,
				0.7076662,					-0.7065469,					3.158829E-13,					0,
				7.647447E-13,					3.188601E-13,					-1,					0,
				-0.443865,					0.2406637,					-0.0494538,					1
			]
			,"name": "#10-Hex-Keps-5"		}
,
		{
			"mesh": 19
			,"name": "#10-Hex-Keps-5 - Part"		}
,
		{
			"children": [
				47
			]
			,"matrix": [
				0.7065469,					0.7076662,					-6.14766E-14,					0,
				0.7076662,					-0.7065469,					1.460521E-13,					0,
				5.992003E-14,					-1.466976E-13,					-1,					0,
				-0.443865,					0.08826373,					-0.0494538,					1
			]
			,"name": "#10-Hex-Keps-6"		}
,
		{
			"mesh": 20
			,"name": "#10-Hex-Keps-6 - Part"		}
,
		{
			"children": [
				49
			]
			,"matrix": [
				0.7065469,					0.7076662,					-6.14766E-14,					0,
				0.7076662,					-0.7065469,					1.460521E-13,					0,
				5.992003E-14,					-1.466976E-13,					-1,					0,
				-0.33147,					0.01587246,					-0.0494538,					1
			]
			,"name": "#10-Hex-Keps-7"		}
,
		{
			"mesh": 21
			,"name": "#10-Hex-Keps-7 - Part"		}
,
		{
			"children": [
				51
			]
			,"matrix": [
				0.7065469,					0.7076662,					-6.14766E-14,					0,
				0.7076662,					-0.7065469,					1.460521E-13,					0,
				5.992003E-14,					-1.466976E-13,					-1,					0,
				-0.12827,					0.01587246,					-0.0494538,					1
			]
			,"name": "#10-Hex-Keps-8"		}
,
		{
			"mesh": 22
			,"name": "#10-Hex-Keps-8 - Part"		}
,
		{
			"children": [
				53
			]
			,"matrix": [
				0.7065469,					0.7076662,					-6.150436E-14,					0,
				0.7076662,					-0.7065469,					1.460798E-13,					0,
				5.992005E-14,					-1.467368E-13,					-1,					0,
				-0.015875,					0.08826373,					-0.0494538,					1
			]
			,"name": "#10-Hex-Keps-9"		}
,
		{
			"mesh": 23
			,"name": "#10-Hex-Keps-9 - Part"		}
,
		{
			"children": [
				55
			]
			,"matrix": [
				0.7065469,					0.7076662,					-6.155838E-14,					0,
				0.7076662,					-0.7065469,					1.460673E-13,					0,
				5.987298E-14,					-1.467662E-13,					-1,					0,
				-0.015875,					0.2406637,					-0.0494538,					1
			]
			,"name": "#10-Hex-Keps-10"		}
,
		{
			"mesh": 24
			,"name": "#10-Hex-Keps-10 - Part"		}
,
		{
			"children": [
				57
			]
			,"matrix": [
				0.7065469,					0.7076662,					-6.14766E-14,					0,
				0.7076662,					-0.7065469,					1.460521E-13,					0,
				5.992003E-14,					-1.466976E-13,					-1,					0,
				-0.12827,					0.313055,					-0.0494538,					1
			]
			,"name": "#10-Hex-Keps-11"		}
,
		{
			"mesh": 25
			,"name": "#10-Hex-Keps-11 - Part"		}
,
		{
			"children": [
				59
			]
			,"matrix": [
				0.7065469,					0.7076662,					-6.14766E-14,					0,
				0.7076662,					-0.7065469,					1.460521E-13,					0,
				5.992003E-14,					-1.466976E-13,					-1,					0,
				-0.33147,					0.313055,					-0.0494538,					1
			]
			,"name": "#10-Hex-Keps-12"		}
,
		{
			"mesh": 26
			,"name": "#10-Hex-Keps-12 - Part"		}
,
		{
			"children": [
				61
			]
			,"matrix": [
				0.923728,					0.383049,					-4.782933E-17,					0,
				-3.17829E-13,					7.665739E-13,					1,					0,
				0.383049,					-0.923728,					8.298499E-13,					0,
				-0.12827,					0.313055,					-0.0434086,					1
			]
			,"name": "10-PH-Phlp-IMP-5"		}
,
		{
			"mesh": 27
			,"name": "10-PH-Phlp-IMP-5 - Part"		}
,
		{
			"children": [
				63
			]
			,"matrix": [
				0.923728,					0.383049,					-4.782933E-17,					0,
				-3.17829E-13,					7.665739E-13,					1,					0,
				0.383049,					-0.923728,					8.298499E-13,					0,
				-0.33147,					0.313055,					-0.0434086,					1
			]
			,"name": "10-PH-Phlp-IMP-6"		}
,
		{
			"mesh": 28
			,"name": "10-PH-Phlp-IMP-6 - Part"		}
,
		{
			"children": [
				65
			]
			,"matrix": [
				0.923728,					0.383049,					-2.391464E-17,					0,
				-6.144883E-14,					1.482472E-13,					1,					0,
				0.383049,					-0.923728,					1.60478E-13,					0,
				-0.443865,					0.2406637,					-0.0434086,					1
			]
			,"name": "10-PH-Phlp-IMP-7"		}
,
		{
			"mesh": 29
			,"name": "10-PH-Phlp-IMP-7 - Part"		}
,
		{
			"children": [
				67
			]
			,"matrix": [
				0.923728,					0.383049,					8.295386E-13,					0,
				-7.663653E-13,					-3.175192E-13,					1,					0,
				0.383049,					-0.923728,					2.540835E-16,					0,
				-0.443865,					0.08826373,					-0.0434086,					1
			]
			,"name": "10-PH-Phlp-IMP-8"		}
,
		{
			"mesh": 30
			,"name": "10-PH-Phlp-IMP-8 - Part"		}
,
		{
			"children": [
				69
			]
			,"matrix": [
				0.923728,					0.383049,					-4.782956E-17,					0,
				3.177227E-13,					-7.660678E-13,					1,					0,
				0.383049,					-0.923728,					-8.293417E-13,					0,
				-0.33147,					0.01587246,					-0.0434086,					1
			]
			,"name": "10-PH-Phlp-IMP-9"		}
,
		{
			"mesh": 31
			,"name": "10-PH-Phlp-IMP-9 - Part"		}
,
		{
			"children": [
				71
			]
			,"matrix": [
				0.923728,					0.383049,					-4.782956E-17,					0,
				3.177227E-13,					-7.660678E-13,					1,					0,
				0.383049,					-0.923728,					-8.293417E-13,					0,
				-0.12827,					0.01587246,					-0.0434086,					1
			]
			,"name": "10-PH-Phlp-IMP-10"		}
,
		{
			"mesh": 32
			,"name": "10-PH-Phlp-IMP-10 - Part"		}
,
		{
			"children": [
				73
			]
			,"matrix": [
				0.923728,					0.383049,					-8.296342E-13,					0,
				7.662591E-13,					3.180253E-13,					1,					0,
				0.383049,					-0.923728,					2.540835E-16,					0,
				-0.015875,					0.08826373,					-0.0434086,					1
			]
			,"name": "10-PH-Phlp-IMP-11"		}
,
		{
			"mesh": 33
			,"name": "10-PH-Phlp-IMP-11 - Part"		}
,
		{
			"children": [
				75
			]
			,"matrix": [
				0.923728,					0.383049,					-8.296342E-13,					0,
				7.662591E-13,					3.180253E-13,					1,					0,
				0.383049,					-0.923728,					2.540835E-16,					0,
				-0.015875,					0.2406637,					-0.0434086,					1
			]
			,"name": "10-PH-Phlp-IMP-12"		}
,
		{
			"mesh": 34
			,"name": "10-PH-Phlp-IMP-12 - Part"		}
,
		{
			"children": [
				77
			]
			,"matrix": [
				-0.923728,					-0.383049,					-1.276756E-15,					0,
				-0.383049,					0.923728,					1.31839E-16,					0,
				1.110223E-15,					6.13374E-16,					-1,					0,
				-0.4322826,					0.07556373,					-0.0067564,					1
			]
			,"name": "#10-Hex-Keps-13"		}
,
		{
			"mesh": 35
			,"name": "#10-Hex-Keps-13 - Part"		}
,
		{
			"children": [
				79
			]
			,"matrix": [
				-0.923728,					-0.383049,					-1.249001E-15,					0,
				-0.383049,					0.923728,					1.31839E-16,					0,
				1.110223E-15,					6.133514E-16,					-1,					0,
				-0.3443097,					0.02649093,					-0.0067564,					1
			]
			,"name": "#10-Hex-Keps-14"		}
,
		{
			"mesh": 36
			,"name": "#10-Hex-Keps-14 - Part"		}
,
		{
			"children": [
				81
			]
			,"matrix": [
				-0.923728,					-0.383049,					-1.249001E-15,					0,
				-0.383049,					0.923728,					1.387779E-16,					0,
				1.110223E-15,					6.13374E-16,					-1,					0,
				-0.4322826,					0.2533637,					-0.0067564,					1
			]
			,"name": "#10-Hex-Keps-15"		}
,
		{
			"mesh": 37
			,"name": "#10-Hex-Keps-15 - Part"		}
,
		{
			"children": [
				83
			]
			,"matrix": [
				-0.923728,					-0.383049,					-1.262879E-15,					0,
				-0.383049,					0.923728,					1.387779E-16,					0,
				1.137979E-15,					6.124809E-16,					-1,					0,
				-0.3443097,					0.3024365,					-0.0067564,					1
			]
			,"name": "#10-Hex-Keps-16"		}
,
		{
			"mesh": 38
			,"name": "#10-Hex-Keps-16 - Part"		}
,
		{
			"children": [
				85
			]
			,"matrix": [
				-0.923728,					-0.383049,					-1.262879E-15,					0,
				-0.383049,					0.923728,					1.249001E-16,					0,
				1.124101E-15,					6.133965E-16,					-1,					0,
				-0.1665097,					0.3024365,					-0.0067564,					1
			]
			,"name": "#10-Hex-Keps-17"		}
,
		{
			"mesh": 39
			,"name": "#10-Hex-Keps-17 - Part"		}
,
		{
			"children": [
				87
			]
			,"matrix": [
				-0.923728,					-0.383049,					-1.262879E-15,					0,
				-0.383049,					0.923728,					1.249001E-16,					0,
				1.124101E-15,					6.13374E-16,					-1,					0,
				-0.0785368,					0.2533637,					-0.0067564,					1
			]
			,"name": "#10-Hex-Keps-18"		}
,
		{
			"mesh": 40
			,"name": "#10-Hex-Keps-18 - Part"		}
,
		{
			"children": [
				89
			]
			,"matrix": [
				-0.923728,					-0.383049,					-1.262879E-15,					0,
				-0.383049,					0.923728,					1.249001E-16,					0,
				1.124101E-15,					6.13374E-16,					-1,					0,
				-0.0785368,					0.07556373,					-0.0067564,					1
			]
			,"name": "#10-Hex-Keps-19"		}
,
		{
			"mesh": 41
			,"name": "#10-Hex-Keps-19 - Part"		}
,
		{
			"children": [
				91
			]
			,"matrix": [
				-0.923728,					-0.383049,					-1.249001E-15,					0,
				-0.383049,					0.923728,					1.31839E-16,					0,
				1.110223E-15,					6.133514E-16,					-1,					0,
				-0.1665097,					0.02649093,					-0.0067564,					1
			]
			,"name": "#10-Hex-Keps-20"		}
,
		{
			"mesh": 42
			,"name": "#10-Hex-Keps-20 - Part"		}
,
		{
			"children": [
				93, 94, 95
			]
			,"matrix": [
				5.023931E-29,					7.087969E-15,					-1,					0,
				7.087969E-15,					1,					7.087969E-15,					0,
				1,					-7.087969E-15,					0,					0,
				-0.45974,					0.3041637,					-0.0074168,					1
			]
			,"name": "#10-Hex-Lock-2"		}
,
		{
			"mesh": 43
			,"name": "#10-Hex-Lock-2 - Part"		}
,
		{
			"mesh": 44
			,"name": "#10-Hex-Lock-2 - Part 2"		}
,
		{
			"mesh": 45
			,"name": "#10-Hex-Lock-2 - Part 3"		}
,
		{
			"children": [
				97, 98, 99
			]
			,"matrix": [
				5.023931E-29,					7.087969E-15,					-1,					0,
				7.087969E-15,					1,					7.087969E-15,					0,
				1,					-7.087969E-15,					0,					0,
				-0.45974,					0.1644637,					-0.0074168,					1
			]
			,"name": "#10-Hex-Lock-3"		}
,
		{
			"mesh": 46
			,"name": "#10-Hex-Lock-3 - Part"		}
,
		{
			"mesh": 47
			,"name": "#10-Hex-Lock-3 - Part 2"		}
,
		{
			"mesh": 48
			,"name": "#10-Hex-Lock-3 - Part 3"		}
,
		{
			"children": [
				101, 102, 103
			]
			,"matrix": [
				5.023931E-29,					7.087969E-15,					-1,					0,
				7.087969E-15,					1,					7.087969E-15,					0,
				1,					-7.087969E-15,					0,					0,
				-0.45974,					0.02476373,					-0.0074168,					1
			]
			,"name": "#10-Hex-Lock-4"		}
,
		{
			"mesh": 49
			,"name": "#10-Hex-Lock-4 - Part"		}
,
		{
			"mesh": 50
			,"name": "#10-Hex-Lock-4 - Part 2"		}
,
		{
			"mesh": 51
			,"name": "#10-Hex-Lock-4 - Part 3"		}
,
		{
			"children": [
				105
			]
			,"matrix": [
				-7.438474E-15,					-1,					2.855519E-15,					0,
				1,					-7.438474E-15,					5.592748E-15,					0,
				-5.592748E-15,					2.855519E-15,					1,					0,
				-0.456311,					0.3280905,					-0.0004572,					1
			]
			,"name": "NS Door Gasket - Window Style-1"		}
,
		{
			"children": [
				106
			]
			,"mesh": 52
			,"name": "NS Door Gasket - Window Style-1 - Part"		}
,
		{
			"mesh": 53
			,"name": "NS Door Gasket - Window Style-1 - Part_clonedChild"		}
,
		{
			"children": [
				108
			]
			,"matrix": [
				-7.049916E-15,					-1,					2.971442E-15,					0,
				1,					-7.049916E-15,					5.552423E-15,					0,
				-5.552423E-15,					2.971442E-15,					1,					0,
				-0.452755,					0.3219424,					-0.0512318,					1
			]
			,"name": "NS Body Gasket - Window Style-1"		}
,
		{
			"children": [
				109
			]
			,"mesh": 54
			,"name": "NS Body Gasket - Window Style-1 - Part"		}
,
		{
			"mesh": 55
			,"name": "NS Body Gasket - Window Style-1 - Part_clonedChild"		}
,
		{
			"children": [
				111
			]
			,"matrix": [
				1.387779E-17,					1.205367E-25,					1,					0,
				6.938894E-15,					1,					1.435207E-25,					0,
				-1,					6.938894E-15,					1.387779E-17,					0,
				-0.461645,					0.01206373,					-0.0137668,					1
			]
			,"name": "0000-1994F-1"		}
,
		{
			"mesh": 56
			,"name": "0000-1994F-1 - Part"		}
,
		{
			"children": [
				113
			]
			,"matrix": [
				1,					0,					0,					0,
				0,					1,					0,					0,
				0,					0,					1,					0,
				-0.4277868,					0.03192653,					-0.0040894,					1
			]
			,"name": "0000-1995D-1"		}
,
		{
			"children": [
				114
			]
			,"mesh": 58
			,"name": "0000-1995D-1 - Part"		}
,
		{
			"mesh": 57
			,"name": "0000-1995D-1 - Part_clonedChild"		}
,
		{
			"children": [
				116
			]
			,"matrix": [
				6.997638E-15,					1,					-3.918105E-17,					0,
				-1,					7.10866E-15,					-2.803313E-15,					0,
				-2.789435E-15,					3.918105E-17,					1,					0,
				-0.0886968,					0.03624453,					0.0022606,					1
			]
			,"name": "Window Gasket-1"		}
,
		{
			"children": [
				117
			]
			,"mesh": 59
			,"name": "Window Gasket-1 - Part"		}
,
		{
			"mesh": 60
			,"name": "Window Gasket-1 - Part_clonedChild"		}
,
		{
			"children": [
				119
			]
			,"matrix": [
				1,					-6.775583E-15,					2.747802E-15,					0,
				-6.775583E-15,					-1,					4.092978E-17,					0,
				2.747802E-15,					-4.092978E-17,					-1,					0,
				-0.0932688,					0.3105137,					-0.0040894,					1
			]
			,"name": "0000-1995E-1"		}
,
		{
			"mesh": 61
			,"name": "0000-1995E-1 - Part"		}
,
		{
			"children": [
				121
			]
			,"matrix": [
				-6.782452E-15,					-1,					4.095232E-17,					0,
				-1,					6.782452E-15,					-2.733924E-15,					0,
				2.733924E-15,					-4.095232E-17,					-1,					0,
				-0.1093597,					0.04122293,					-0.0040894,					1
			]
			,"name": "0000-1995E-2"		}
,
		{
			"mesh": 62
			,"name": "0000-1995E-2 - Part"		}
,
		{
			"children": [
				123
			]
			,"matrix": [
				-1,					6.775583E-15,					-2.733924E-15,					0,
				6.775583E-15,					1,					-4.092978E-17,					0,
				2.733924E-15,					-4.092978E-17,					-1,					0,
				-0.4175506,					0.01841373,					-0.0040894,					1
			]
			,"name": "0000-1995E-3"		}
,
		{
			"mesh": 63
			,"name": "0000-1995E-3 - Part"		}
,
		{
			"children": [
				125
			]
			,"matrix": [
				6.768575E-15,					1,					-4.090723E-17,					0,
				1,					-6.768575E-15,					2.747802E-15,					0,
				2.747802E-15,					-4.090723E-17,					-1,					0,
				-0.4014597,					0.2877045,					-0.0040894,					1
			]
			,"name": "0000-1995E-4"		}
,
		{
			"mesh": 64
			,"name": "0000-1995E-4 - Part"		}
,
		{
			"children": [
				127, 128
			]
			,"matrix": [
				-1,					7.309836E-15,					-5.52336E-15,					0,
				7.309836E-15,					1,					-2.970761E-15,					0,
				5.52336E-15,					-2.970761E-15,					-1,					0,
				-0.046736,					0.06075553,					0.003895725,					1
			]
			,"name": "ID Label - Weatherproof-2"		}
,
		{
			"mesh": 65
			,"name": "ID Label - Weatherproof-2 - Part"		}
,
		{
			"children": [
				129
			]
			,"mesh": 66
			,"name": "ID Label - Weatherproof-2 - Part 2"		}
,
		{
			"mesh": 67
			,"name": "ID Label - Weatherproof-2 - Part 2_clonedChild"		}
,
		{
			"children": [
				131
			]
			,"matrix": [
				-0.9995605,					-0.02964545,					-2.747802E-15,					0,
				-0.02964545,					0.9995605,					-2.454634E-16,					0,
				2.775558E-15,					-1.635083E-16,					-1,					0,
				-0.04757486,					0.1645122,					-0.0153278,					1
			]
			,"name": "1-PT Cam-1"		}
,
		{
			"mesh": 68
			,"name": "1-PT Cam-1 - Part"		}
,
		{
			"children": [
				133, 137, 141, 143, 145, 147, 149, 151, 153, 155, 157
			]
			,"matrix": [
				-0.9995605,					-0.02964545,					-3.025358E-15,					0,
				-2.983724E-15,					6.537901E-17,					1,					0,
				-0.02964545,					0.9995605,					-1.621966E-16,					0,
				-0.0475234,					0.1644637,					0.0066722,					1
			]
			,"name": "Latch - Wing - Padlockable-1"		}
,
		{
			"children": [
				134, 135
			]
			,"name": "24168502-1-surface1"		}
,
		{
			"mesh": 69
			,"name": "24168502-1-surface1 - Part"		}
,
		{
			"children": [
				136
			]
			,"mesh": 70
			,"name": "24168502-1-surface1 - Part 2"		}
,
		{
			"mesh": 71
			,"name": "24168502-1-surface1 - Part 2_clonedChild"		}
,
		{
			"children": [
				138, 139
			]
			,"name": "24168501-1-surface1"		}
,
		{
			"mesh": 72
			,"name": "24168501-1-surface1 - Part"		}
,
		{
			"children": [
				140
			]
			,"mesh": 73
			,"name": "24168501-1-surface1 - Part 2"		}
,
		{
			"mesh": 74
			,"name": "24168501-1-surface1 - Part 2_clonedChild"		}
,
		{
			"children": [
				142
			]
			,"name": "24168501-1-surface2"		}
,
		{
			"mesh": 75
			,"name": "24168501-1-surface2 - Part"		}
,
		{
			"children": [
				144
			]
			,"name": "24168501-1-surface3"		}
,
		{
			"mesh": 76
			,"name": "24168501-1-surface3 - Part"		}
,
		{
			"children": [
				146
			]
			,"name": "24168501-1-surface4"		}
,
		{
			"mesh": 77
			,"name": "24168501-1-surface4 - Part"		}
,
		{
			"children": [
				148
			]
			,"name": "21130102-1-surface1"		}
,
		{
			"mesh": 78
			,"name": "21130102-1-surface1 - Part"		}
,
		{
			"children": [
				150
			]
			,"name": "012103-1-surface1"		}
,
		{
			"mesh": 79
			,"name": "012103-1-surface1 - Part"		}
,
		{
			"children": [
				152
			]
			,"name": "012103-1-surface2"		}
,
		{
			"mesh": 80
			,"name": "012103-1-surface2 - Part"		}
,
		{
			"children": [
				154
			]
			,"name": "042172-1-surface1"		}
,
		{
			"mesh": 81
			,"name": "042172-1-surface1 - Part"		}
,
		{
			"children": [
				156
			]
			,"name": "297001-1-surface1"		}
,
		{
			"mesh": 82
			,"name": "297001-1-surface1 - Part"		}
,
		{
			"children": [
				158
			]
			,"name": "297002-1-surface1"		}
,
		{
			"mesh": 83
			,"name": "297002-1-surface1 - Part"		}
,
		{
			"matrix": [
				-0.6294889,					-0.1941428,					-0.7523645,					0,
				-0.4981653,					0.8439294,					0.1990348,					0,
				0.5963013,					0.500092,					-0.6279593,					0,
				1.010372,					1.233432,					-1.330364,					1
			]
			,"camera": 0
			,"name": "SOLIDWORKS Viewport"		}
,
		{
			"matrix": [
				0.7071068,					0,					-0.7071068,					0,
				-0.1622216,					0.9733286,					-0.1622216,					0,
				0.6882472,					0.2294159,					0.6882472,					0,
				4.445094,					1.981699,					4.445094,					1
			]
			,"camera": 1
			,"name": "Default Camera"		}
,
		{
			"name": "3 Point Faded"		}
,
		{
			"name": "3 Point Faded Backplate"		}
	],
	"cameras": [
		{
			"type": "perspective",
			"perspective" : {
				"aspectRatio": 1.25,
				"yfov" : 0.3215369,
				"zfar" : 100,
				"znear" : 0.01
			}
		}
,
		{
			"type": "perspective",
			"perspective" : {
				"aspectRatio": 1.777778,
				"yfov" : 0.2617994,
				"zfar" : 100,
				"znear" : 0.01
			}
		}
	],
	"meshes" : [
		{
			"primitives" : [
				{
					"attributes" : {
					"POSITION" : 1
					,"NORMAL" : 2
					,"TEXCOORD_0" : 3
					},
					"indices" : 0,
					"mode": 4,
					"material" : 0
						,"extensions": {
							"KHR_draco_mesh_compression": {
								"bufferView": 0,
								"attributes": {
									"POSITION": "0",
									"NORMAL": "1",
									"TEXCOORD_0": "2"
								}
							}
						}
				}
			]
		},
		{
			"primitives" : [
				{
					"attributes" : {
					"POSITION" : 5
					,"NORMAL" : 6
					,"TEXCOORD_0" : 7
					},
					"indices" : 4,
					"mode": 4,
					"material" : 1
						,"extensions": {
							"KHR_draco_mesh_compression": {
								"bufferView": 1,
								"attributes": {
									"POSITION": "0",
									"NORMAL": "1",
									"TEXCOORD_0": "2"
								}
							}
						}
				}
			]
		},
		{
			"primitives" : [
				{
					"attributes" : {
					"POSITION" : 9
					,"NORMAL" : 10
					,"TEXCOORD_0" : 11
					},
					"indices" : 8,
					"mode": 4,
					"material" : 2
						,"extensions": {
							"KHR_draco_mesh_compression": {
								"bufferView": 2,
								"attributes": {
									"POSITION": "0",
									"NORMAL": "1",
									"TEXCOORD_0": "2"
								}
							}
						}
				}
			]
		},
		{
			"primitives" : [
				{
					"attributes" : {
					"POSITION" : 13
					,"NORMAL" : 14
					,"TEXCOORD_0" : 15
					},
					"indices" : 12,
					"mode": 4,
					"material" : 3
						,"extensions": {
							"KHR_draco_mesh_compression": {
								"bufferView": 3,
								"attributes": {
									"POSITION": "0",
									"NORMAL": "1",
									"TEXCOORD_0": "2"
								}
							}
						}
				}
			]
		},
		{
			"primitives" : [
				{
					"attributes" : {
					"POSITION" : 17
					,"NORMAL" : 18
					,"TEXCOORD_0" : 19
					},
					"indices" : 16,
					"mode": 4,
					"material" : 4
						,"extensions": {
							"KHR_draco_mesh_compression": {
								"bufferView": 4,
								"attributes": {
									"POSITION": "0",
									"NORMAL": "1",
									"TEXCOORD_0": "2"
								}
							}
						}
				}
			]
		},
		{
			"primitives" : [
				{
					"attributes" : {
					"POSITION" : 21
					,"NORMAL" : 22
					,"TEXCOORD_0" : 23
					},
					"indices" : 20,
					"mode": 4,
					"material" : 5
						,"extensions": {
							"KHR_draco_mesh_compression": {
								"bufferView": 5,
								"attributes": {
									"POSITION": "0",
									"NORMAL": "1",
									"TEXCOORD_0": "2"
								}
							}
						}
				}
			]
		},
		{
			"primitives" : [
				{
					"attributes" : {
					"POSITION" : 25
					,"NORMAL" : 26
					,"TEXCOORD_0" : 27
					},
					"indices" : 24,
					"mode": 4,
					"material" : 6
						,"extensions": {
							"KHR_draco_mesh_compression": {
								"bufferView": 6,
								"attributes": {
									"POSITION": "0",
									"NORMAL": "1",
									"TEXCOORD_0": "2"
								}
							}
						}
				}
			]
		},
		{
			"primitives" : [
				{
					"attributes" : {
					"POSITION" : 29
					,"NORMAL" : 30
					,"TEXCOORD_0" : 31
					},
					"indices" : 28,
					"mode": 4,
					"material" : 7
						,"extensions": {
							"KHR_draco_mesh_compression": {
								"bufferView": 7,
								"attributes": {
									"POSITION": "0",
									"NORMAL": "1",
									"TEXCOORD_0": "2"
								}
							}
						}
				}
			]
		},
		{
			"primitives" : [
				{
					"attributes" : {
					"POSITION" : 33
					,"NORMAL" : 34
					,"TEXCOORD_0" : 35
					},
					"indices" : 32,
					"mode": 4,
					"material" : 8
						,"extensions": {
							"KHR_draco_mesh_compression": {
								"bufferView": 8,
								"attributes": {
									"POSITION": "0",
									"NORMAL": "1",
									"TEXCOORD_0": "2"
								}
							}
						}
				}
			]
		},
		{
			"primitives" : [
				{
					"attributes" : {
					"POSITION" : 37
					,"NORMAL" : 38
					,"TEXCOORD_0" : 39
					},
					"indices" : 36,
					"mode": 4,
					"material" : 9
						,"extensions": {
							"KHR_draco_mesh_compression": {
								"bufferView": 9,
								"attributes": {
									"POSITION": "0",
									"NORMAL": "1",
									"TEXCOORD_0": "2"
								}
							}
						}
				}
			]
		},
		{
			"primitives" : [
				{
					"attributes" : {
					"POSITION" : 41
					,"NORMAL" : 42
					,"TEXCOORD_0" : 43
					},
					"indices" : 40,
					"mode": 4,
					"material" : 10
						,"extensions": {
							"KHR_draco_mesh_compression": {
								"bufferView": 10,
								"attributes": {
									"POSITION": "0",
									"NORMAL": "1",
									"TEXCOORD_0": "2"
								}
							}
						}
				}
			]
		},
		{
			"primitives" : [
				{
					"attributes" : {
					"POSITION" : 45
					,"NORMAL" : 46
					,"TEXCOORD_0" : 47
					},
					"indices" : 44,
					"mode": 4,
					"material" : 11
						,"extensions": {
							"KHR_draco_mesh_compression": {
								"bufferView": 11,
								"attributes": {
									"POSITION": "0",
									"NORMAL": "1",
									"TEXCOORD_0": "2"
								}
							}
						}
				}
			]
		},
		{
			"primitives" : [
				{
					"attributes" : {
					"POSITION" : 49
					,"NORMAL" : 50
					,"TEXCOORD_0" : 51
					},
					"indices" : 48,
					"mode": 4,
					"material" : 12
						,"extensions": {
							"KHR_draco_mesh_compression": {
								"bufferView": 12,
								"attributes": {
									"POSITION": "0",
									"NORMAL": "1",
									"TEXCOORD_0": "2"
								}
							}
						}
				}
			]
		},
		{
			"primitives" : [
				{
					"attributes" : {
					"POSITION" : 53
					,"NORMAL" : 54
					,"TEXCOORD_0" : 55
					},
					"indices" : 52,
					"mode": 4,
					"material" : 13
						,"extensions": {
							"KHR_draco_mesh_compression": {
								"bufferView": 13,
								"attributes": {
									"POSITION": "0",
									"NORMAL": "1",
									"TEXCOORD_0": "2"
								}
							}
						}
				}
			]
		},
		{
			"primitives" : [
				{
					"attributes" : {
					"POSITION" : 57
					,"NORMAL" : 58
					,"TEXCOORD_0" : 59
					},
					"indices" : 56,
					"mode": 4,
					"material" : 14
						,"extensions": {
							"KHR_draco_mesh_compression": {
								"bufferView": 14,
								"attributes": {
									"POSITION": "0",
									"NORMAL": "1",
									"TEXCOORD_0": "2"
								}
							}
						}
				}
			]
		},
		{
			"primitives" : [
				{
					"attributes" : {
					"POSITION" : 61
					,"NORMAL" : 62
					,"TEXCOORD_0" : 63
					},
					"indices" : 60,
					"mode": 4,
					"material" : 15
						,"extensions": {
							"KHR_draco_mesh_compression": {
								"bufferView": 15,
								"attributes": {
									"POSITION": "0",
									"NORMAL": "1",
									"TEXCOORD_0": "2"
								}
							}
						}
				}
			]
		},
		{
			"primitives" : [
				{
					"attributes" : {
					"POSITION" : 65
					,"NORMAL" : 66
					,"TEXCOORD_0" : 67
					},
					"indices" : 64,
					"mode": 4,
					"material" : 16
						,"extensions": {
							"KHR_draco_mesh_compression": {
								"bufferView": 16,
								"attributes": {
									"POSITION": "0",
									"NORMAL": "1",
									"TEXCOORD_0": "2"
								}
							}
						}
				}
			]
		},
		{
			"primitives" : [
				{
					"attributes" : {
					"POSITION" : 69
					,"NORMAL" : 70
					,"TEXCOORD_0" : 71
					},
					"indices" : 68,
					"mode": 4,
					"material" : 17
						,"extensions": {
							"KHR_draco_mesh_compression": {
								"bufferView": 17,
								"attributes": {
									"POSITION": "0",
									"NORMAL": "1",
									"TEXCOORD_0": "2"
								}
							}
						}
				}
			]
		},
		{
			"primitives" : [
				{
					"attributes" : {
					"POSITION" : 73
					,"NORMAL" : 74
					,"TEXCOORD_0" : 75
					},
					"indices" : 72,
					"mode": 4,
					"material" : 18
						,"extensions": {
							"KHR_draco_mesh_compression": {
								"bufferView": 18,
								"attributes": {
									"POSITION": "0",
									"NORMAL": "1",
									"TEXCOORD_0": "2"
								}
							}
						}
				}
			]
		},
		{
			"primitives" : [
				{
					"attributes" : {
					"POSITION" : 77
					,"NORMAL" : 78
					,"TEXCOORD_0" : 79
					},
					"indices" : 76,
					"mode": 4,
					"material" : 19
						,"extensions": {
							"KHR_draco_mesh_compression": {
								"bufferView": 19,
								"attributes": {
									"POSITION": "0",
									"NORMAL": "1",
									"TEXCOORD_0": "2"
								}
							}
						}
				}
			]
		},
		{
			"primitives" : [
				{
					"attributes" : {
					"POSITION" : 81
					,"NORMAL" : 82
					,"TEXCOORD_0" : 83
					},
					"indices" : 80,
					"mode": 4,
					"material" : 20
						,"extensions": {
							"KHR_draco_mesh_compression": {
								"bufferView": 20,
								"attributes": {
									"POSITION": "0",
									"NORMAL": "1",
									"TEXCOORD_0": "2"
								}
							}
						}
				}
			]
		},
		{
			"primitives" : [
				{
					"attributes" : {
					"POSITION" : 85
					,"NORMAL" : 86
					,"TEXCOORD_0" : 87
					},
					"indices" : 84,
					"mode": 4,
					"material" : 21
						,"extensions": {
							"KHR_draco_mesh_compression": {
								"bufferView": 21,
								"attributes": {
									"POSITION": "0",
									"NORMAL": "1",
									"TEXCOORD_0": "2"
								}
							}
						}
				}
			]
		},
		{
			"primitives" : [
				{
					"attributes" : {
					"POSITION" : 89
					,"NORMAL" : 90
					,"TEXCOORD_0" : 91
					},
					"indices" : 88,
					"mode": 4,
					"material" : 22
						,"extensions": {
							"KHR_draco_mesh_compression": {
								"bufferView": 22,
								"attributes": {
									"POSITION": "0",
									"NORMAL": "1",
									"TEXCOORD_0": "2"
								}
							}
						}
				}
			]
		},
		{
			"primitives" : [
				{
					"attributes" : {
					"POSITION" : 93
					,"NORMAL" : 94
					,"TEXCOORD_0" : 95
					},
					"indices" : 92,
					"mode": 4,
					"material" : 23
						,"extensions": {
							"KHR_draco_mesh_compression": {
								"bufferView": 23,
								"attributes": {
									"POSITION": "0",
									"NORMAL": "1",
									"TEXCOORD_0": "2"
								}
							}
						}
				}
			]
		},
		{
			"primitives" : [
				{
					"attributes" : {
					"POSITION" : 97
					,"NORMAL" : 98
					,"TEXCOORD_0" : 99
					},
					"indices" : 96,
					"mode": 4,
					"material" : 24
						,"extensions": {
							"KHR_draco_mesh_compression": {
								"bufferView": 24,
								"attributes": {
									"POSITION": "0",
									"NORMAL": "1",
									"TEXCOORD_0": "2"
								}
							}
						}
				}
			]
		},
		{
			"primitives" : [
				{
					"attributes" : {
					"POSITION" : 101
					,"NORMAL" : 102
					,"TEXCOORD_0" : 103
					},
					"indices" : 100,
					"mode": 4,
					"material" : 25
						,"extensions": {
							"KHR_draco_mesh_compression": {
								"bufferView": 25,
								"attributes": {
									"POSITION": "0",
									"NORMAL": "1",
									"TEXCOORD_0": "2"
								}
							}
						}
				}
			]
		},
		{
			"primitives" : [
				{
					"attributes" : {
					"POSITION" : 105
					,"NORMAL" : 106
					,"TEXCOORD_0" : 107
					},
					"indices" : 104,
					"mode": 4,
					"material" : 26
						,"extensions": {
							"KHR_draco_mesh_compression": {
								"bufferView": 26,
								"attributes": {
									"POSITION": "0",
									"NORMAL": "1",
									"TEXCOORD_0": "2"
								}
							}
						}
				}
			]
		},
		{
			"primitives" : [
				{
					"attributes" : {
					"POSITION" : 109
					,"NORMAL" : 110
					,"TEXCOORD_0" : 111
					},
					"indices" : 108,
					"mode": 4,
					"material" : 27
						,"extensions": {
							"KHR_draco_mesh_compression": {
								"bufferView": 27,
								"attributes": {
									"POSITION": "0",
									"NORMAL": "1",
									"TEXCOORD_0": "2"
								}
							}
						}
				}
			]
		},
		{
			"primitives" : [
				{
					"attributes" : {
					"POSITION" : 113
					,"NORMAL" : 114
					,"TEXCOORD_0" : 115
					},
					"indices" : 112,
					"mode": 4,
					"material" : 28
						,"extensions": {
							"KHR_draco_mesh_compression": {
								"bufferView": 28,
								"attributes": {
									"POSITION": "0",
									"NORMAL": "1",
									"TEXCOORD_0": "2"
								}
							}
						}
				}
			]
		},
		{
			"primitives" : [
				{
					"attributes" : {
					"POSITION" : 117
					,"NORMAL" : 118
					,"TEXCOORD_0" : 119
					},
					"indices" : 116,
					"mode": 4,
					"material" : 29
						,"extensions": {
							"KHR_draco_mesh_compression": {
								"bufferView": 29,
								"attributes": {
									"POSITION": "0",
									"NORMAL": "1",
									"TEXCOORD_0": "2"
								}
							}
						}
				}
			]
		},
		{
			"primitives" : [
				{
					"attributes" : {
					"POSITION" : 121
					,"NORMAL" : 122
					,"TEXCOORD_0" : 123
					},
					"indices" : 120,
					"mode": 4,
					"material" : 30
						,"extensions": {
							"KHR_draco_mesh_compression": {
								"bufferView": 30,
								"attributes": {
									"POSITION": "0",
									"NORMAL": "1",
									"TEXCOORD_0": "2"
								}
							}
						}
				}
			]
		},
		{
			"primitives" : [
				{
					"attributes" : {
					"POSITION" : 125
					,"NORMAL" : 126
					,"TEXCOORD_0" : 127
					},
					"indices" : 124,
					"mode": 4,
					"material" : 31
						,"extensions": {
							"KHR_draco_mesh_compression": {
								"bufferView": 31,
								"attributes": {
									"POSITION": "0",
									"NORMAL": "1",
									"TEXCOORD_0": "2"
								}
							}
						}
				}
			]
		},
		{
			"primitives" : [
				{
					"attributes" : {
					"POSITION" : 129
					,"NORMAL" : 130
					,"TEXCOORD_0" : 131
					},
					"indices" : 128,
					"mode": 4,
					"material" : 32
						,"extensions": {
							"KHR_draco_mesh_compression": {
								"bufferView": 32,
								"attributes": {
									"POSITION": "0",
									"NORMAL": "1",
									"TEXCOORD_0": "2"
								}
							}
						}
				}
			]
		},
		{
			"primitives" : [
				{
					"attributes" : {
					"POSITION" : 133
					,"NORMAL" : 134
					,"TEXCOORD_0" : 135
					},
					"indices" : 132,
					"mode": 4,
					"material" : 33
						,"extensions": {
							"KHR_draco_mesh_compression": {
								"bufferView": 33,
								"attributes": {
									"POSITION": "0",
									"NORMAL": "1",
									"TEXCOORD_0": "2"
								}
							}
						}
				}
			]
		},
		{
			"primitives" : [
				{
					"attributes" : {
					"POSITION" : 137
					,"NORMAL" : 138
					,"TEXCOORD_0" : 139
					},
					"indices" : 136,
					"mode": 4,
					"material" : 34
						,"extensions": {
							"KHR_draco_mesh_compression": {
								"bufferView": 34,
								"attributes": {
									"POSITION": "0",
