{
	"asset": {
		"generator": "VISUALIZEGLTF",
		"version" : "2.0"
	},
	"extensionsUsed": [ "KHR_draco_mesh_compression","KHR_texture_transform","KHR_materials_pbrSpecularGlossiness" ],
	"extensionsRequired": [ "KHR_draco_mesh_compression" ],
	"scenes": [
		{
			"name": "Default",
			"nodes": [
				0]
		}
	],
	"nodes": [
		{
			"children": [
				1, 1652, 1653, 1654, 1655, 1656
			]
			,"name": "Root"		}
,
		{
			"children": [
				2, 529, 917, 1205, 1208, 1210, 1267, 1269, 1322, 1324, 1326, 1328, 1330, 1334, 1338, 1342, 1346, 1350, 1354, 1358, 1362, 1366, 1370, 1374, 1378, 1382, 1386, 1390, 1394, 1398, 1402, 1406, 1410, 1414, 1418, 1422, 1426, 1430, 1434, 1436, 1438, 1440, 1442, 1444, 1446, 1448, 1450, 1452, 1454, 1456, 1458, 1460, 1462, 1464, 1466, 1468, 1470, 1472, 1474, 1476, 1478, 1480, 1482, 1484, 1486, 1488, 1490, 1492, 1494, 1496, 1498, 1500, 1502, 1504, 1506, 1508, 1510, 1512, 1514, 1516, 1518, 1520, 1522, 1524, 1526, 1528, 1530, 1532, 1534, 1536, 1538, 1540, 1542, 1544, 1546, 1548, 1550, 1552, 1554, 1556, 1558, 1607
			]
			,"matrix": [
				1,					0,					0,					0,
				0,					1,					0,					0,
				0,					0,					1,					0,
				0,					0.5937773,					0,					1
			]
			,"name": "0000-8066 (All Doors Open)"		}
,
		{
			"children": [
				3, 70, 72, 74, 76, 78, 98, 100, 125, 130, 139, 154, 169, 184, 186, 190, 192, 194, 196, 201, 203, 206, 210, 212, 214, 216, 218, 220, 222, 224, 226, 228, 230, 232, 234, 236, 238, 240, 242, 244, 246, 251, 256, 261, 266, 271, 273, 275, 277, 279, 281, 284, 287, 290, 293, 295, 297, 299, 301, 303, 305, 307, 309, 311, 313, 315, 317, 319, 321, 323, 325, 327, 329, 331, 333, 335, 337, 339, 341, 343, 345, 347, 349, 351, 353, 355, 357, 359, 361, 363, 365, 367, 369, 371, 375, 379, 381, 383, 385, 387, 436, 514
			]
			,"name": "E4X301210WM-01-2"		}
,
		{
			"children": [
				4, 6, 8, 10, 12, 14, 16, 18, 20, 22, 24, 26, 28, 30, 32, 34, 36, 38, 40, 42, 44, 46, 48, 50, 52, 54, 57, 60, 63, 66, 68
			]
			,"name": "0000-8047-4"		}
,
		{
			"children": [
				5
			]
			,"matrix": [
				-1,					1.040834E-16,					-3.446888E-15,					0,
				-2.289835E-16,					-1,					-7.019934E-17,					0,
				-3.285717E-15,					3.509967E-17,					1,					0,
				0.2403075,					-0.1959571,					0.006241681,					1
			]
			,"name": "0000-8047-1"		}
,
		{
			"mesh": 0
			,"name": "0000-8047-1 - Part"		}
,
		{
			"children": [
				7
			]
			,"matrix": [
				-4.220029E-17,					1,					3.536074E-15,					0,
				-1,					-4.220029E-17,					3.536074E-15,					0,
				3.536074E-15,					-3.536074E-15,					1,					0,
				0.5395195,					-0.03195709,					-0.1207583,					1
			]
			,"name": "Std-SS-CLS-1"		}
,
		{
			"mesh": 1
			,"name": "Std-SS-CLS-1 - Part"		}
,
		{
			"children": [
				9
			]
			,"matrix": [
				-4.220029E-17,					1,					3.536074E-15,					0,
				-1,					-4.220029E-17,					3.536074E-15,					0,
				3.536074E-15,					-3.536074E-15,					1,					0,
				0.5395195,					-0.001957089,					-0.03075832,					1
			]
			,"name": "Std-SS-CLS-2"		}
,
		{
			"mesh": 2
			,"name": "Std-SS-CLS-2 - Part"		}
,
		{
			"children": [
				11
			]
			,"matrix": [
				-4.220029E-17,					1,					3.536074E-15,					0,
				-1,					-4.220029E-17,					3.536074E-15,					0,
				3.536074E-15,					-3.536074E-15,					1,					0,
				0.5395195,					0.1180429,					-0.03075832,					1
			]
			,"name": "Std-SS-CLS-3"		}
,
		{
			"mesh": 3
			,"name": "Std-SS-CLS-3 - Part"		}
,
		{
			"children": [
				13
			]
			,"matrix": [
				-4.220029E-17,					1,					3.536074E-15,					0,
				-1,					-4.220029E-17,					3.536074E-15,					0,
				3.536074E-15,					-3.536074E-15,					1,					0,
				0.5395195,					0.1480429,					-0.1207583,					1
			]
			,"name": "Std-SS-CLS-4"		}
,
		{
			"mesh": 4
			,"name": "Std-SS-CLS-4 - Part"		}
,
		{
			"children": [
				15
			]
			,"matrix": [
				-4.220029E-17,					1,					3.536074E-15,					0,
				-1,					-4.220029E-17,					3.536074E-15,					0,
				3.536074E-15,					-3.536074E-15,					1,					0,
				0.5395195,					0.1180429,					-0.2107583,					1
			]
			,"name": "Std-SS-CLS-5"		}
,
		{
			"mesh": 5
			,"name": "Std-SS-CLS-5 - Part"		}
,
		{
			"children": [
				17
			]
			,"matrix": [
				-4.220029E-17,					1,					3.536074E-15,					0,
				-1,					-4.220029E-17,					3.536074E-15,					0,
				3.536074E-15,					-3.536074E-15,					1,					0,
				0.5395195,					-0.001957089,					-0.2107583,					1
			]
			,"name": "Std-SS-CLS-6"		}
,
		{
			"mesh": 6
			,"name": "Std-SS-CLS-6 - Part"		}
,
		{
			"children": [
				19
			]
			,"matrix": [
				-4.220029E-17,					1,					3.536074E-15,					0,
				-1,					-4.220029E-17,					3.536074E-15,					0,
				3.536074E-15,					-3.536074E-15,					1,					0,
				0.5395195,					-0.3800255,					-0.1207583,					1
			]
			,"name": "Std-SS-CLS-8"		}
,
		{
			"mesh": 7
			,"name": "Std-SS-CLS-8 - Part"		}
,
		{
			"children": [
				21
			]
			,"matrix": [
				-4.220029E-17,					1,					3.536074E-15,					0,
				-1,					-4.220029E-17,					3.536074E-15,					0,
				3.536074E-15,					-3.536074E-15,					1,					0,
				0.5395195,					-0.4192331,					-0.2107659,					1
			]
			,"name": "Std-SS-CLS-9"		}
,
		{
			"mesh": 8
			,"name": "Std-SS-CLS-9 - Part"		}
,
		{
			"children": [
				23
			]
			,"matrix": [
				-4.220029E-17,					1,					3.536074E-15,					0,
				-1,					-4.220029E-17,					3.536074E-15,					0,
				3.536074E-15,					-3.536074E-15,					1,					0,
				0.5395195,					-0.4192331,					-0.03075072,					1
			]
			,"name": "Std-SS-CLS-10"		}
,
		{
			"mesh": 9
			,"name": "Std-SS-CLS-10 - Part"		}
,
		{
			"children": [
				25
			]
			,"matrix": [
				-4.220029E-17,					1,					3.536074E-15,					0,
				-1,					-4.220029E-17,					3.536074E-15,					0,
				3.536074E-15,					-3.536074E-15,					1,					0,
				0.5395195,					-0.5208331,					-0.2107659,					1
			]
			,"name": "Std-SS-CLS-11"		}
,
		{
			"mesh": 10
			,"name": "Std-SS-CLS-11 - Part"		}
,
		{
			"children": [
				27
			]
			,"matrix": [
				-4.220029E-17,					1,					3.536074E-15,					0,
				-1,					-4.220029E-17,					3.536074E-15,					0,
				3.536074E-15,					-3.536074E-15,					1,					0,
				0.5395195,					-0.5600407,					-0.1207583,					1
			]
			,"name": "Std-SS-CLS-12"		}
,
		{
			"mesh": 11
			,"name": "Std-SS-CLS-12 - Part"		}
,
		{
			"children": [
				29
			]
			,"matrix": [
				-4.220029E-17,					1,					3.536074E-15,					0,
				-1,					-4.220029E-17,					3.536074E-15,					0,
				3.536074E-15,					-3.536074E-15,					1,					0,
				0.5395195,					-0.5208331,					-0.03075072,					1
			]
			,"name": "Std-SS-CLS-13"		}
,
		{
			"mesh": 12
			,"name": "Std-SS-CLS-13 - Part"		}
,
		{
			"children": [
				31
			]
			,"matrix": [
				0.916221,					0.4006734,					2.942091E-15,					0,
				-3.275158E-15,					0,					1,					0,
				0.4006734,					-0.916221,					1.249001E-15,					0,
				0.2756135,					-0.5388571,					-0.2462343,					1
			]
			,"name": "M6-1 SST Weld Stud-3"		}
,
		{
			"mesh": 13
			,"name": "M6-1 SST Weld Stud-3 - Part"		}
,
		{
			"children": [
				33
			]
			,"matrix": [
				-0.9010262,					0.4337646,					2.529257E-15,					0,
				2.77865E-15,					-5.906374E-17,					1,					0,
				0.4337646,					0.9010262,					-1.152062E-15,					0,
				0.5042135,					-0.5388571,					-0.2462343,					1
			]
			,"name": "M6-1 SST Weld Stud-2"		}
,
		{
			"mesh": 14
			,"name": "M6-1 SST Weld Stud-2 - Part"		}
,
		{
			"children": [
				35
			]
			,"matrix": [
				0.916221,					0.4006734,					-3.774758E-15,					0,
				3.996803E-15,					-5.551115E-17,					1,					0,
				0.4006734,					-0.916221,					-1.720846E-15,					0,
				0.5042135,					-0.05625709,					-0.2462343,					1
			]
			,"name": "M6-1 SST Weld Stud-7"		}
,
		{
			"mesh": 15
			,"name": "M6-1 SST Weld Stud-7 - Part"		}
,
		{
			"children": [
				37
			]
			,"matrix": [
				0.916221,					0.4006734,					2.109424E-15,					0,
				-2.609024E-15,					6.661338E-16,					1,					0,
				0.4006734,					-0.916221,					1.658396E-15,					0,
				0.2756135,					-0.05625709,					-0.2462343,					1
			]
			,"name": "M6-1 SST Weld Stud-6"		}
,
		{
			"mesh": 16
			,"name": "M6-1 SST Weld Stud-6 - Part"		}
,
		{
			"children": [
				39
			]
			,"matrix": [
				3.304481E-15,					-0.4247294,					0.9053203,					0,
				-1,					6.938894E-18,					3.645166E-15,					0,
				-1.588359E-15,					-0.9053203,					-0.4247294,					0,
				0.5395195,					-0.3976331,					-0.020892,					1
			]
			,"name": "M6-1 SST Weld Stud-8"		}
,
		{
			"mesh": 17
			,"name": "M6-1 SST Weld Stud-8 - Part"		}
,
		{
			"children": [
				41
			]
			,"matrix": [
				3.08246E-15,					0.4006734,					-0.916221,					0,
				1,					9.046904E-19,					3.364715E-15,					0,
				1.348981E-15,					-0.916221,					-0.4006734,					0,
				0.2403075,					-0.4738331,					-0.054232,					1
			]
			,"name": "M6-1 SST Weld Stud-11"		}
,
		{
			"mesh": 18
			,"name": "M6-1 SST Weld Stud-11 - Part"		}
,
		{
			"children": [
				43
			]
			,"matrix": [
				3.08246E-15,					0.4006734,					-0.916221,					0,
				1,					9.046904E-19,					3.364715E-15,					0,
				1.348981E-15,					-0.916221,					-0.4006734,					0,
				0.2403075,					-0.5246331,					-0.054232,					1
			]
			,"name": "M6-1 SST Weld Stud-12"		}
,
		{
			"mesh": 19
			,"name": "M6-1 SST Weld Stud-12 - Part"		}
,
		{
			"children": [
				45
			]
			,"matrix": [
				3.277974E-15,					-0.4247294,					0.9053203,					0,
				-1,					-5.161616E-18,					3.618368E-15,					0,
				-1.532154E-15,					-0.9053203,					-0.4247294,					0,
				0.5395195,					-0.2071331,					-0.046292,					1
			]
			,"name": "M6-1 SST Weld Stud-14"		}
,
		{
			"mesh": 20
			,"name": "M6-1 SST Weld Stud-14 - Part"		}
,
		{
			"children": [
				47
			]
			,"matrix": [
				-2.30435E-15,					-0.7700808,					-0.6379464,					0,
				-1,					-5.161618E-18,					3.618368E-15,					0,
				-2.789728E-15,					0.6379464,					-0.7700808,					0,
				0.5395195,					-0.08013309,					-0.046292,					1
			]
			,"name": "M4-0.7 SST Weld Stud-15"		}
,
		{
			"mesh": 21
			,"name": "M4-0.7 SST Weld Stud-15 - Part"		}
,
		{
			"children": [
				49
			]
			,"matrix": [
				4.857226E-17,					-1,					-3.552549E-15,					0,
				1,					4.857226E-17,					3.552549E-15,					0,
				-3.552549E-15,					-3.552549E-15,					1,					0,
				0.2387835,					-0.1498858,					-0.1663847,					1
			]
			,"name": "#M4 Stud FH4-9"		}
,
		{
			"mesh": 22
			,"name": "#M4 Stud FH4-9 - Part"		}
,
		{
			"children": [
				51
			]
			,"matrix": [
				6.279699E-16,					-0.9873505,					-0.1585528,					0,
				1,					7.112366E-17,					3.580469E-15,					0,
				-3.552714E-15,					-0.1585528,					0.9873505,					0,
				0.2387835,					-0.1975094,					-0.1388892,					1
			]
			,"name": "#M4 Stud FH4-10"		}
,
		{
			"mesh": 23
			,"name": "#M4 Stud FH4-10 - Part"		}
,
		{
			"children": [
				53
			]
			,"matrix": [
				9.714451E-16,					-0.9591247,					-0.2829836,					0,
				1,					-7.118234E-18,					3.456993E-15,					0,
				-3.317702E-15,					-0.2829836,					0.9591247,					0,
				0.2387835,					-0.1975094,					-0.1938802,					1
			]
			,"name": "#M4 Stud FH4-11"		}
,
		{
			"mesh": 24
			,"name": "#M4 Stud FH4-11 - Part"		}
,
		{
			"children": [
				55, 56
			]
			,"matrix": [
				1.311245E-15,					0.9242246,					0.3818493,					0,
				-3.284241E-15,					0.3818493,					-0.9242246,					0,
				-1,					-4.220029E-17,					3.536074E-15,					0,
				0.5410435,					-0.2416771,					-0.03185372,					1
			]
			,"name": "Stand-off -  Blind-1"		}
,
		{
			"mesh": 25
			,"name": "Stand-off -  Blind-1 - Part"		}
,
		{
			"mesh": 26
			,"name": "Stand-off -  Blind-1 - Part 2"		}
,
		{
			"children": [
				58, 59
			]
			,"matrix": [
				2.164935E-15,					0.7783896,					0.6277816,					0,
				-2.720046E-15,					0.6277816,					-0.7783896,					0,
				-1,					-3.816392E-17,					3.552714E-15,					0,
				0.5410435,					-0.2416771,					-0.1537737,					1
			]
			,"name": "Stand-off -  Blind-4"		}
,
		{
			"mesh": 27
			,"name": "Stand-off -  Blind-4 - Part"		}
,
		{
			"mesh": 28
			,"name": "Stand-off -  Blind-4 - Part 2"		}
,
		{
			"children": [
				61, 62
			]
			,"matrix": [
				2.442491E-15,					0.7164838,					0.6976038,					0,
				-2.553513E-15,					0.6976038,					-0.7164838,					0,
				-1,					-1.040834E-16,					3.608225E-15,					0,
				0.5410435,					-0.3483571,					-0.03185372,					1
			]
			,"name": "Stand-off -  Blind-6"		}
,
		{
			"mesh": 29
			,"name": "Stand-off -  Blind-6 - Part"		}
,
		{
			"mesh": 30
			,"name": "Stand-off -  Blind-6 - Part 2"		}
,
		{
			"children": [
				64, 65
			]
			,"matrix": [
				2.664535E-15,					0.670257,					0.742129,					0,
				-2.442491E-15,					0.742129,					-0.670257,					0,
				-1,					-2.671981E-17,					3.614525E-15,					0,
				0.5410435,					-0.3483571,					-0.1537737,					1
			]
			,"name": "Stand-off -  Blind-10"		}
,
		{
			"mesh": 31
			,"name": "Stand-off -  Blind-10 - Part"		}
,
		{
			"mesh": 32
			,"name": "Stand-off -  Blind-10 - Part 2"		}
,
		{
			"children": [
				67
			]
			,"matrix": [
				-4.220029E-17,					1,					3.536074E-15,					0,
				-1,					-4.220029E-17,					3.536074E-15,					0,
				3.536074E-15,					-3.536074E-15,					1,					0,
				0.5416277,					-0.1182331,					-0.061532,					1
			]
			,"name": "#M4 Stud FH4-12"		}
,
		{
			"mesh": 33
			,"name": "#M4 Stud FH4-12 - Part"		}
,
		{
			"children": [
				69
			]
			,"matrix": [
				-4.220029E-17,					1,					3.536074E-15,					0,
				-1,					-4.220029E-17,					3.536074E-15,					0,
				3.536074E-15,					-3.536074E-15,					1,					0,
				0.5416277,					-0.1690331,					-0.061532,					1
			]
			,"name": "#M4 Stud FH4-13"		}
,
		{
			"mesh": 34
			,"name": "#M4 Stud FH4-13 - Part"		}
,
		{
			"children": [
				71
			]
			,"matrix": [
				1,					2.912599E-16,					-2.912599E-16,					0,
				-2.912599E-16,					-1.403987E-16,					-1,					0,
				-2.912599E-16,					1,					-1.403987E-16,					0,
				0.5029435,					-0.5388571,					-0.2477583,					1
			]
			,"name": "M10-1.5 SST Weld Stud-4"		}
,
		{
			"mesh": 35
			,"name": "M10-1.5 SST Weld Stud-4 - Part"		}
,
		{
			"children": [
				73
			]
			,"matrix": [
				1,					4.426119E-16,					-4.426119E-16,					0,
				-4.426119E-16,					-1.403987E-16,					-1,					0,
				-4.426119E-16,					1,					-1.403987E-16,					0,
				0.2768835,					-0.5388571,					-0.2477583,					1
			]
			,"name": "M10-1.5 SST Weld Stud-3"		}
,
		{
			"mesh": 36
			,"name": "M10-1.5 SST Weld Stud-3 - Part"		}
,
		{
			"children": [
				75
			]
			,"matrix": [
				1,					2.912599E-16,					-2.912599E-16,					0,
				-2.912599E-16,					-1.403987E-16,					-1,					0,
				-2.912599E-16,					1,					-1.403987E-16,					0,
				0.5029435,					0.1469429,					-0.2477583,					1
			]
			,"name": "M10-1.5 SST Weld Stud-2"		}
,
		{
			"mesh": 37
			,"name": "M10-1.5 SST Weld Stud-2 - Part"		}
,
		{
			"children": [
				77
			]
			,"matrix": [
				1,					4.426119E-16,					-4.426119E-16,					0,
				-4.426119E-16,					-1.403987E-16,					-1,					0,
				-4.426119E-16,					1,					-1.403987E-16,					0,
				0.2768835,					0.1469429,					-0.2477583,					1
			]
			,"name": "M10-1.5 SST Weld Stud-1"		}
,
		{
			"mesh": 38
			,"name": "M10-1.5 SST Weld Stud-1 - Part"		}
,
		{
			"children": [
				79, 82, 84, 86, 88, 90, 92, 94, 96
			]
			,"name": "0000-8075-4"		}
,
		{
			"children": [
				80, 81
			]
			,"matrix": [
				-1,					1.31839E-16,					-2.51134E-16,					0,
				-1.734723E-16,					-1,					3.141874E-17,					0,
				1.25567E-16,					-1.570937E-17,					1,					0,
				0.3898881,					-0.5754331,					0.00631788,					1
			]
			,"name": "0000-8075-1"		}
,
		{
			"mesh": 39
			,"name": "0000-8075-1 - Part"		}
,
		{
			"mesh": 40
			,"name": "0000-8075-1 - Part 2"		}
,
		{
			"children": [
				83
			]
			,"matrix": [
				1,					0,					0,					0,
				0,					1,					0,					0,
				0,					0,					1,					0,
				0.5016481,					-0.5754331,					-0.1804483,					1
			]
			,"name": "Std-SS-CLS-1 2"		}
,
		{
			"mesh": 41
			,"name": "Std-SS-CLS-1 2 - Part"		}
,
		{
			"children": [
				85
			]
			,"matrix": [
				1,					0,					0,					0,
				0,					1,					0,					0,
				0,					0,					1,					0,
				0.5016481,					-0.5754331,					-0.06106832,					1
			]
			,"name": "Std-SS-CLS-2 2"		}
,
		{
			"mesh": 42
			,"name": "Std-SS-CLS-2 2 - Part"		}
,
		{
			"children": [
				87
			]
			,"matrix": [
				1,					0,					0,					0,
				0,					1,					0,					0,
				0,					0,					1,					0,
				0.4533881,					-0.5754331,					-0.04074832,					1
			]
			,"name": "Std-SS-CLS-3 2"		}
,
		{
			"mesh": 43
			,"name": "Std-SS-CLS-3 2 - Part"		}
,
		{
			"children": [
				89
			]
			,"matrix": [
				1,					0,					0,					0,
				0,					1,					0,					0,
				0,					0,					1,					0,
				0.3263881,					-0.5754331,					-0.04074832,					1
			]
			,"name": "Std-SS-CLS-4 2"		}
,
		{
			"mesh": 44
			,"name": "Std-SS-CLS-4 2 - Part"		}
,
		{
			"children": [
				91
			]
			,"matrix": [
				1,					0,					0,					0,
				0,					1,					0,					0,
				0,					0,					1,					0,
				0.2781281,					-0.5754331,					-0.06106832,					1
			]
			,"name": "Std-SS-CLS-5 2"		}
,
		{
			"mesh": 45
			,"name": "Std-SS-CLS-5 2 - Part"		}
,
		{
			"children": [
				93
			]
			,"matrix": [
				1,					0,					0,					0,
				0,					1,					0,					0,
				0,					0,					1,					0,
				0.2781281,					-0.5754331,					-0.1804483,					1
			]
			,"name": "Std-SS-CLS-6 2"		}
,
		{
			"mesh": 46
			,"name": "Std-SS-CLS-6 2 - Part"		}
,
		{
			"children": [
				95
			]
			,"matrix": [
				1,					0,					0,					0,
				0,					1,					0,					0,
				0,					0,					1,					0,
				0.3263881,					-0.5754331,					-0.2007683,					1
			]
			,"name": "Std-SS-CLS-7"		}
,
		{
			"mesh": 47
			,"name": "Std-SS-CLS-7 - Part"		}
,
		{
			"children": [
				97
			]
			,"matrix": [
				1,					0,					0,					0,
				0,					1,					0,					0,
				0,					0,					1,					0,
				0.4533881,					-0.5754331,					-0.2007683,					1
			]
			,"name": "Std-SS-CLS-8 2"		}
,
		{
			"mesh": 48
			,"name": "Std-SS-CLS-8 2 - Part"		}
,
		{
			"children": [
				99
			]
			,"matrix": [
				1,					0,					0,					0,
				0,					1,					0,					0,
				0,					0,					1,					0,
				0.3898881,					0.1835189,					0.00631788,					1
			]
			,"name": "0000-8048-4"		}
,
		{
			"mesh": 49
			,"name": "0000-8048-4 - Part"		}
,
		{
			"children": [
				101, 103, 105, 107, 109, 111, 113, 115, 117, 119, 121, 123
			]
			,"name": "0000-8049-3"		}
,
		{
			"children": [
				102
			]
			,"matrix": [
				0.7071068,					-8.503252E-16,					0.7071068,					0,
				-2.998012E-15,					-1,					1.795471E-15,					0,
				0.7071068,					-3.389504E-15,					-0.7071068,					0,
				0.6626002,					-0.1959571,					0.1008926,					1
			]
			,"name": "0000-8049-1"		}
,
		{
			"mesh": 50
			,"name": "0000-8049-1 - Part"		}
,
		{
			"children": [
				104
			]
			,"matrix": [
				0.7071068,					-7.948141E-16,					0.7071068,					0,
				-0.7071068,					3.397569E-15,					0.7071068,					0,
				-2.964462E-15,					-1,					1.840426E-15,					0,
				0.5968108,					-0.3444963,					0.03510326,					1
			]
			,"name": "M6-1 SST Weld Stud-1"		}
,
		{
			"mesh": 51
			,"name": "M6-1 SST Weld Stud-1 - Part"		}
,
		{
			"children": [
				106
			]
			,"matrix": [
				0.7071068,					-8.503252E-16,					0.7071068,					0,
				-0.7071068,					3.267039E-15,					0.7071068,					0,
				-2.911416E-15,					-1,					1.708875E-15,					0,
				0.5832837,					0.05816991,					0.02157617,					1
			]
			,"name": "B-BS-1"		}
,
		{
			"mesh": 52
			,"name": "B-BS-1 - Part"		}
,
		{
			"children": [
				108
			]
			,"matrix": [
				0.6981623,					-0.1585528,					0.6981623,					0,
				-0.7071068,					3.333993E-15,					0.7071068,					0,
				-0.1121137,					-0.9873505,					-0.1121137,					0,
				0.5832837,					-0.009330589,					0.02157617,					1
			]
			,"name": "B-BS-2"		}
,
		{
			"mesh": 53
			,"name": "B-BS-2 - Part"		}
,
		{
			"children": [
				110
			]
			,"matrix": [
				0.6782036,					-0.2829836,					0.6782036,					0,
				-0.7071068,					3.306237E-15,					0.7071068,					0,
				-0.2000996,					-0.9591247,					-0.2000996,					0,
				0.5832837,					-0.07683109,					0.02157617,					1
			]
			,"name": "B-BS-4"		}
,
		{
			"mesh": 54
			,"name": "B-BS-4 - Part"		}
,
		{
			"children": [
				112
			]
			,"matrix": [
				0.6565992,					-0.3711537,					0.6565992,					0,
				-0.7071068,					3.306237E-15,					0.7071068,					0,
				-0.2624453,					-0.9285714,					-0.2624453,					0,
				0.7416775,					0.05816991,					0.1799699,					1
			]
			,"name": "B-BS-6"		}
,
		{
			"mesh": 55
			,"name": "B-BS-6 - Part"		}
,
		{
			"children": [
				114
			]
			,"matrix": [
				0.6413383,					-0.4211536,					0.6413383,					0,
				-0.7071068,					3.333993E-15,					0.7071068,					0,
				-0.2978005,					-0.9069893,					-0.2978005,					0,
				0.7416775,					-0.07683109,					0.1799699,					1
			]
			,"name": "B-BS-8"		}
,
		{
			"mesh": 56
			,"name": "B-BS-8 - Part"		}
,
		{
			"children": [
				116
			]
			,"matrix": [
				0.7071068,					-8.503252E-16,					0.7071068,					0,
				-0.7071068,					3.389504E-15,					0.7071068,					0,
				-2.998012E-15,					-1,					1.795471E-15,					0,
				0.5999,					-0.5318975,					0.03819247,					1
			]
			,"name": "#8-32 SST Weld Stud-1"		}
,
		{
			"mesh": 57
			,"name": "#8-32 SST Weld Stud-1 - Part"		}
,
		{
			"children": [
				118
			]
			,"matrix": [
				0.7071068,					-8.503252E-16,					0.7071068,					0,
				-0.7071068,					3.389504E-15,					0.7071068,					0,
				-2.998012E-15,					-1,					1.795471E-15,					0,
				0.5999,					0.1399833,					0.03819247,					1
			]
			,"name": "#8-32 SST Weld Stud-2"		}
,
		{
			"mesh": 58
			,"name": "#8-32 SST Weld Stud-2 - Part"		}
,
		{
			"children": [
				120
			]
			,"matrix": [
				0.7071068,					-7.948141E-16,					0.7071068,					0,
				-0.7071068,					3.397569E-15,					0.7071068,					0,
				-2.964462E-15,					-1,					1.840426E-15,					0,
				0.5968108,					-0.1412963,					0.03510326,					1
			]
			,"name": "M4-0.7 SST Weld Stud-2"		}
,
		{
			"mesh": 59
			,"name": "M4-0.7 SST Weld Stud-2 - Part"		}
,
		{
			"children": [
				122
			]
			,"matrix": [
				0.7071068,					-8.503252E-16,					0.7071068,					0,
				-0.7071068,					3.389504E-15,					0.7071068,					0,
				-2.998012E-15,					-1,					1.795471E-15,					0,
				0.6729,					-0.1918121,					0.1111925,					1
			]
			,"name": "#8-32 SST Weld Stud-3"		}
,
		{
			"mesh": 60
			,"name": "#8-32 SST Weld Stud-3 - Part"		}
,
		{
			"children": [
				124
			]
			,"matrix": [
				0.7071068,					-8.503252E-16,					0.7071068,					0,
				-0.7071068,					3.389504E-15,					0.7071068,					0,
				-2.998012E-15,					-1,					1.795471E-15,					0,
				0.6905777,					-0.1918121,					0.1288701,					1
			]
			,"name": "#8-32 SST Weld Stud-4"		}
,
		{
			"mesh": 61
			,"name": "#8-32 SST Weld Stud-4 - Part"		}
,
		{
			"children": [
				126, 128
			]
			,"name": "0000-8050-2"		}
,
		{
			"children": [
				127
			]
			,"matrix": [
				0.7071068,					-1.474369E-15,					-0.7071068,					0,
				-0.7071068,					1.627481E-15,					-0.7071068,					0,
				2.129258E-15,					1,					2.011941E-16,					0,
				0.5422782,					-0.5515571,					0.008723759,					1
			]
			,"name": "0000-8050B-1"		}
,
		{
			"mesh": 62
			,"name": "0000-8050B-1 - Part"		}
,
		{
			"children": [
				129
			]
			,"matrix": [
				-0.9659258,					2.112718E-15,					0.258819,					0,
				0.258819,					-5.609723E-16,					0.9659258,					0,
				2.185919E-15,					1,					-4.953889E-18,					0,
				0.5422782,					-0.5515571,					0.008723759,					1
			]
			,"name": "0000-8050A-1"		}
,
		{
			"mesh": 63
			,"name": "0000-8050A-1 - Part"		}
,
		{
			"children": [
				131, 133, 135, 137
			]
			,"name": "FASTENERS-3"		}
,
		{
			"children": [
				132
			]
			,"matrix": [
				0.9049051,					-0.349794,					-0.2424686,					0,
				0.258819,					-2.064321E-16,					0.9659258,					0,
				-0.337875,					-0.9368266,					0.09053335,					0,
				0.5304744,					0.1374179,					0.01374044,					1
			]
			,"name": "10-PH-Phlp-IMP-26"		}
,
		{
			"mesh": 64
			,"name": "10-PH-Phlp-IMP-26 - Part"		}
,
		{
			"children": [
				134
			]
			,"matrix": [
				0.6172645,					-0.4878207,					0.6172645,					0,
				0.3449413,					0.8729439,					0.3449413,					0,
				-0.7071068,					3.892581E-15,					0.7071068,					0,
				0.6941679,					0.1349369,					0.1614178,					1
			]
			,"name": "1-PT Cam-3"		}
,
		{
			"mesh": 65
			,"name": "1-PT Cam-3 - Part"		}
,
		{
			"children": [
				136
			]
			,"matrix": [
				0.6037438,					0.520564,					0.6037438,					0,
				-0.3680944,					0.8538226,					-0.3680944,					0,
				-0.7071068,					3.35128E-15,					0.7071068,					0,
				0.6942028,					-0.5269358,					0.1614527,					1
			]
			,"name": "1-PT Cam-4"		}
,
		{
			"mesh": 66
			,"name": "1-PT Cam-4 - Part"		}
,
		{
			"children": [
				138
			]
			,"matrix": [
				-0.6954443,					-0.1808714,					-0.6954443,					0,
				0.1278954,					-0.9835067,					0.1278954,					0,
				-0.7071068,					4.057876E-15,					0.7071068,					0,
				0.7211233,					-0.1958989,					0.1883733,					1
			]
			,"name": "1-PT Cam-1"		}
,
		{
			"mesh": 67
			,"name": "1-PT Cam-1 - Part"		}
,
		{
			"children": [
				140, 142, 144, 146, 148, 150, 152
			]
			,"matrix": [
				0.6172645,					-0.4878207,					0.6172645,					0,
				-0.3449413,					-0.8729439,					-0.3449413,					0,
				0.7071068,					-1.300788E-08,					-0.7071068,					0,
				0.643572,					0.1530642,					0.1578922,					1
			]
			,"name": "Latch - Slotted - Non-Locking-3"		}
,
		{
			"children": [
				141
			]
			,"name": "Imported32-1-surface1"		}
,
		{
			"mesh": 68
			,"name": "Imported32-1-surface1 - Part"		}
,
		{
			"children": [
				143
			]
			,"name": "Imported32-1-surface2"		}
,
		{
			"mesh": 69
			,"name": "Imported32-1-surface2 - Part"		}
,
		{
			"children": [
				145
			]
			,"name": "Imported32-1-surface3"		}
,
		{
			"mesh": 70
			,"name": "Imported32-1-surface3 - Part"		}
,
		{
			"children": [
				147
			]
			,"name": "Imported33-1-surface1"		}
,
		{
			"mesh": 71
			,"name": "Imported33-1-surface1 - Part"		}
,
		{
			"children": [
				149
			]
			,"name": "Imported33-1-surface2"		}
,
		{
			"mesh": 72
			,"name": "Imported33-1-surface2 - Part"		}
,
		{
			"children": [
				151
			]
			,"name": "Imported34-1-surface1"		}
,
		{
			"mesh": 73
			,"name": "Imported34-1-surface1 - Part"		}
,
		{
			"children": [
				153
			]
			,"name": "Imported37-1-surface1"		}
,
		{
			"mesh": 74
			,"name": "Imported37-1-surface1 - Part"		}
,
		{
			"children": [
				155, 157, 159, 161, 163, 165, 167
			]
			,"matrix": [
				0.6037438,					0.520564,					0.6037438,					0,
				0.3680944,					-0.8538226,					0.3680944,					0,
				0.7071068,					-1.272295E-08,					-0.7071068,					0,
				0.6462065,					-0.5513584,					0.1605267,					1
			]
			,"name": "Latch - Slotted - Non-Locking-4"		}
,
		{
			"children": [
				156
			]
			,"name": "Imported32-1-surface1 2"		}
,
		{
			"mesh": 75
			,"name": "Imported32-1-surface1 2 - Part"		}
,
		{
			"children": [
				158
			]
			,"name": "Imported32-1-surface2 2"		}
,
		{
			"mesh": 76
			,"name": "Imported32-1-surface2 2 - Part"		}
,
		{
			"children": [
				160
			]
			,"name": "Imported32-1-surface3 2"		}
,
		{
			"mesh": 77
			,"name": "Imported32-1-surface3 2 - Part"		}
,
		{
			"children": [
				162
			]
			,"name": "Imported33-1-surface1 2"		}
,
		{
			"mesh": 78
			,"name": "Imported33-1-surface1 2 - Part"		}
,
		{
			"children": [
				164
			]
			,"name": "Imported33-1-surface2 2"		}
,
		{
			"mesh": 79
			,"name": "Imported33-1-surface2 2 - Part"		}
,
		{
			"children": [
				166
			]
			,"name": "Imported34-1-surface1 2"		}
,
		{
			"mesh": 80
			,"name": "Imported34-1-surface1 2 - Part"		}
,
		{
			"children": [
				168
			]
			,"name": "Imported37-1-surface1 2"		}
,
		{
			"mesh": 81
			,"name": "Imported37-1-surface1 2 - Part"		}
,
		{
			"children": [
				170, 172, 174, 176, 178, 180, 182
			]
			,"matrix": [
				0.1278954,					-0.9835067,					0.1278954,					0,
				-0.6954443,					-0.1808714,					-0.6954443,					0,
				0.7071068,					-2.695197E-09,					-0.7071068,					0,
				0.6901496,					-0.1549765,					0.2044698,					1
			]
			,"name": "Latch - Slotted - Non-Locking-1"		}
,
		{
			"children": [
				171
			]
			,"name": "Imported32-1-surface1 3"		}
,
		{
			"mesh": 82
			,"name": "Imported32-1-surface1 3 - Part"		}
,
		{
			"children": [
				173
			]
			,"name": "Imported32-1-surface2 3"		}
,
		{
			"mesh": 83
			,"name": "Imported32-1-surface2 3 - Part"		}
,
		{
			"children": [
				175
			]
			,"name": "Imported32-1-surface3 3"		}
,
		{
			"mesh": 84
			,"name": "Imported32-1-surface3 3 - Part"		}
,
		{
			"children": [
				177
			]
			,"name": "Imported33-1-surface1 3"		}
,
		{
			"mesh": 85
			,"name": "Imported33-1-surface1 3 - Part"		}
,
		{
			"children": [
				179
			]
			,"name": "Imported33-1-surface2 3"		}
,
		{
			"mesh": 86
			,"name": "Imported33-1-surface2 3 - Part"		}
,
		{
			"children": [
				181
			]
			,"name": "Imported34-1-surface1 3"		}
,
		{
			"mesh": 87
			,"name": "Imported34-1-surface1 3 - Part"		}
,
		{
			"children": [
				183
			]
			,"name": "Imported37-1-surface1 3"		}
,
		{
			"mesh": 88
			,"name": "Imported37-1-surface1 3 - Part"		}
,
		{
			"children": [
				185
			]
			,"matrix": [
				-0.03226863,					-2.447364E-16,					-0.9994792,					0,
				7.040012E-17,					-1,					2.425911E-16,					0,
				-0.9994792,					-6.253537E-17,					0.03226863,					0,
				0.4927908,					-0.5769571,					-0.2216188,					1
			]
			,"name": "ILSCO TA2I-1"		}
,
		{
			"mesh": 89
			,"name": "ILSCO TA2I-1 - Part"		}
,
		{
			"children": [
				187, 188, 189
			]
			,"matrix": [
				0.8371691,					1.576259E-16,					0.5469441,					0,
				7.948386E-17,					-1,					1.665335E-16,					0,
				0.5469441,					-9.594343E-17,					-0.8371691,					0,
				0.5155927,					-0.5734773,					-0.2287083,					1
			]
			,"name": "Flat Sealing Washer-16"		}
,
		{
			"mesh": 90
			,"name": "Flat Sealing Washer-16 - Part"		}
,
		{
			"mesh": 91
			,"name": "Flat Sealing Washer-16 - Part 2"		}
,
		{
			"mesh": 92
			,"name": "Flat Sealing Washer-16 - Part 3"		}
,
		{
			"children": [
				191
			]
			,"matrix": [
				3.637498E-16,					-1,					2.775558E-17,					0,
				0.9406708,					2.914335E-16,					-0.3393205,					0,
				0.3393205,					-5.551115E-17,					0.9406708,					0,
				0.5155927,					-0.5814773,					-0.2287083,					1
			]
			,"name": "M6 Hex Full-Thd-1"		}
,
		{
			"mesh": 93
			,"name": "M6 Hex Full-Thd-1 - Part"		}
,
		{
			"children": [
				193
			]
			,"matrix": [
				-0.6830127,					0.7071068,					0.1830127,					0,
				0.258819,					6.106227E-16,					0.9659258,					0,
				0.6830127,					0.7071068,					-0.1830127,					0,
				0.528042,					0.1374179,					0.004662673,					1
			]
			,"name": "#10-Lock Split-1"		}
,
		{
			"mesh": 94
			,"name": "#10-Lock Split-1 - Part"		}
,
		{
			"children": [
				195
			]
			,"matrix": [
				0.9330127,					-0.258819,					-0.25,					0,
				0.258819,					-2.10226E-16,					0.9659258,					0,
				-0.25,					-0.9659258,					0.0669873,					0,
				0.5292056,					0.1374179,					0.009005283,					1
			]
			,"name": "Nitrile O-Ring-1"		}
,
		{
			"mesh": 95
			,"name": "Nitrile O-Ring-1 - Part"		}
,
		{
			"children": [
				197, 198, 199, 200
			]
			,"matrix": [
				0.7071068,					-9.613476E-16,					0.7071068,					0,
				3.135395E-15,					1,					-1.775844E-15,					0,
				-0.7071068,					3.472771E-15,					0.7071068,					0,
				0.6420436,					-0.3302987,					0.08033608,					1
			]
			,"name": "NEMA Label-3"		}
,
		{
			"mesh": 96
			,"name": "NEMA Label-3 - Part"		}
,
		{
			"mesh": 97
			,"name": "NEMA Label-3 - Part 2"		}
,
		{
			"mesh": 98
			,"name": "NEMA Label-3 - Part 3"		}
,
		{
			"mesh": 99
			,"name": "NEMA Label-3 - Part 4"		}
,
		{
			"children": [
				202
			]
			,"matrix": [
				0.3471471,					0.8711933,					-0.3471471,					0,
				-0.7071068,					1.294414E-15,					-0.7071068,					0,
				-0.6160267,					0.4909402,					0.6160267,					0,
				0.5513033,					0.1374179,					-0.0002115957,					1
			]
			,"name": "Semi-Tube Rivet Oval-6"		}
,
		{
			"mesh": 100
			,"name": "Semi-Tube Rivet Oval-6 - Part"		}
,
		{
			"children": [
				204, 205
			]
			,"matrix": [
				-0.8600039,					0.4552933,					0.2304373,					0,
				0.4397795,					0.8903415,					-0.1178386,					0,
				-0.258819,					1.259531E-15,					-0.9659258,					0,
				0.528042,					0.1374179,					0.004662673,					1
			]
			,"name": "#10-32 Hex-15"		}
,
		{
			"mesh": 101
			,"name": "#10-32 Hex-15 - Part"		}
,
		{
			"mesh": 102
			,"name": "#10-32 Hex-15 - Part 2"		}
,
		{
			"children": [
				207, 208, 209
			]
			,"matrix": [
				0.8556048,					-0.4640914,					-0.2292586,					0,
				0.258819,					-1.94289E-16,					0.9659258,					0,
				-0.4482779,					-0.8857873,					0.1201157,					0,
				0.5283313,					0.1374179,					0.005742192,					1
			]
			,"name": "Flat Sealing Washer-19"		}
,
		{
			"mesh": 103
			,"name": "Flat Sealing Washer-19 - Part"		}
,
		{
			"mesh": 104
			,"name": "Flat Sealing Washer-19 - Part 2"		}
,
		{
			"mesh": 105
			,"name": "Flat Sealing Washer-19 - Part 3"		}
,
		{
			"children": [
				211
			]
			,"matrix": [
				0.4740868,					0.8804781,					3.123707E-15,					0,
				6.331091E-15,					1.388118E-16,					-1,					0,
				-0.8804781,					0.4740868,					-5.508578E-15,					0,
				0.2756135,					-0.05625709,					-0.2446468,					1
			]
			,"name": "#5-16-Flat-Reg-1"		}
,
		{
			"mesh": 106
			,"name": "#5-16-Flat-Reg-1 - Part"		}
,
		{
			"children": [
				213
			]
			,"matrix": [
				0.7071068,					-9.058364E-16,					0.7071068,					0,
				-2.998012E-15,					-1,					1.716966E-15,					0,
				0.7071068,					-3.333993E-15,					-0.7071068,					0,
				0.5598121,					0.1669581,					0.0117546,					1
			]
			,"name": "0000-8049-Gasket-1"		}
,
		{
			"mesh": 107
			,"name": "0000-8049-Gasket-1 - Part"		}
,
		{
			"children": [
				215
			]
			,"matrix": [
				-6.150597E-15,					1,					6.918432E-15,					0,
				0.7071068,					-5.429413E-16,					0.7071068,					0,
				0.7071068,					9.241198E-15,					-0.7071068,					0,
				0.7400279,					-0.3733761,					0.1941256,					1
			]
			,"name": "0000-8080-2"		}
,
		{
			"mesh": 108
			,"name": "0000-8080-2 - Part"		}
,
		{
			"children": [
				217
			]
			,"matrix": [
				-0.7071068,					8.294325E-14,					-0.7071068,					0,
				5.853189E-14,					1,					5.876757E-14,					0,
				0.7071068,					1.66653E-16,					-0.7071068,					0,
				0.7380882,					0.1525309,					0.1921859,					1
			]
			,"name": "0000-8080-3"		}
,
		{
			"mesh": 109
			,"name": "0000-8080-3 - Part"		}
,
		{
			"children": [
				219
			]
			,"matrix": [
				0.7071068,					-5.927943E-14,					0.7071068,					0,
				-4.713736E-14,					-1,					-3.669641E-14,					0,
				0.7071068,					-7.382864E-15,					-0.7071068,					0,
				0.5674633,					-0.5444451,					0.02156104,					1
			]
			,"name": "0000-8080-4"		}
,
		{
			"mesh": 110
			,"name": "0000-8080-4 - Part"		}
,
		{
			"children": [
				221
			]
			,"matrix": [
				3.190373E-15,					1,					-2.10852E-15,					0,
				0.7071068,					-7.649859E-16,					0.7071068,					0,
				0.7071068,					-3.746883E-15,					-0.7071068,					0,
				0.7400279,					-0.5377141,					0.1941256,					1
			]
			,"name": "0000-8080-5"		}
,
		{
			"mesh": 111
			,"name": "0000-8080-5 - Part"		}
,
		{
			"children": [
				223
			]
			,"matrix": [
				3.038318E-14,					1,					2.508429E-14,					0,
				0.7071068,					-3.922142E-14,					0.7071068,					0,
				0.7071068,					-3.746883E-15,					-0.7071068,					0,
				0.7400638,					-0.01853809,					0.1941616,					1
			]
			,"name": "0000-8080-6"		}
,
		{
			"mesh": 112
			,"name": "0000-8080-6 - Part"		}
,
		{
			"children": [
				225
			]
			,"matrix": [
				-8.730306E-15,					-0.1585528,					0.9873505,					0,
				-5.884182E-15,					0.9873505,					0.1585528,					0,
				-1,					-4.425536E-15,					-9.552826E-15,					0,
				0.2227688,					-0.3917591,					-0.2064833,					1
			]
			,"name": "0000-9782-8"		}
,
		{
			"mesh": 113
			,"name": "0000-9782-8 - Part"		}
,
		{
			"children": [
				227
			]
			,"matrix": [
				-9.571402E-15,					-4.64212E-15,					1,					0,
				-4.64212E-15,					1,					4.64212E-15,					0,
				-1,					-4.64212E-15,					-9.571402E-15,					0,
				0.2227688,					-0.3917591,					-0.1302833,					1
			]
			,"name": "0000-9782-15"		}
,
		{
			"mesh": 114
			,"name": "0000-9782-15 - Part"		}
,
		{
			"children": [
				229
			]
			,"matrix": [
				-7.611065E-15,					-0.3130943,					0.9497221,					0,
				-7.327472E-15,					0.9497221,					0.3130943,					0,
				-1,					-4.576081E-15,					-9.522586E-15,					0,
				0.2227688,					-0.4589612,					-0.2064833,					1
			]
			,"name": "0000-9782-7"		}
,
		{
			"mesh": 115
			,"name": "0000-9782-7 - Part"		}
,
		{
			"children": [
				231
			]
			,"matrix": [
				-6.415684E-15,					-0.4314759,					0.9021245,					0,
				-8.160139E-15,					0.9021245,					0.4314759,					0,
				-1,					-4.440892E-15,					-9.325873E-15,					0,
				0.2227688,					-0.4589612,					-0.1302833,					1
			]
			,"name": "0000-9782-16"		}
,
		{
			"mesh": 116
			,"name": "0000-9782-16 - Part"		}
,
		{
			"children": [
				233
			]
			,"matrix": [
				-5.849832E-15,					-0.5136864,					0.857978,					0,
				-8.65974E-15,					0.857978,					0.5136864,					0,
				-1,					-4.496403E-15,					-9.436896E-15,					0,
				0.2227688,					-0.5261633,					-0.1302833,					1
			]
			,"name": "0000-9782-17"		}
,
		{
			"mesh": 117
			,"name": "0000-9782-17 - Part"		}
,
		{
			"children": [
				235
			]
			,"matrix": [
				-5.252276E-15,					-0.5596319,					0.8287413,					0,
				-9.103829E-15,					0.8287413,					0.5596319,					0,
				-1,					-4.496403E-15,					-9.547918E-15,					0,
				0.2227688,					-0.5261633,					-0.2064833,					1
			]
			,"name": "0000-9782-18"		}
,
		{
			"mesh": 118
			,"name": "0000-9782-18 - Part"		}
,
		{
			"children": [
				237
			]
			,"matrix": [
				-8.730306E-15,					-0.1585528,					0.9873505,					0,
				-5.884182E-15,					0.9873505,					0.1585528,					0,
				-1,					-4.425536E-15,					-9.552826E-15,					0,
				0.2227688,					-0.1705571,					-0.09535832,					1
			]
			,"name": "0000-9782-14"		}
,
		{
			"mesh": 119
			,"name": "0000-9782-14 - Part"		}
,
		{
			"children": [
				239
			]
			,"matrix": [
				-8.730306E-15,					-0.1585528,					0.9873505,					0,
				-5.884182E-15,					0.9873505,					0.1585528,					0,
				-1,					-4.425536E-15,					-9.552826E-15,					0,
				0.2227688,					-0.4925622,					-0.1683833,					1
			]
			,"name": "0000-9782-19"		}
,
		{
			"mesh": 120
			,"name": "0000-9782-19 - Part"		}
,
		{
			"children": [
				241
			]
			,"matrix": [
				-8.730306E-15,					-0.1585528,					0.9873505,					0,
				-5.884182E-15,					0.9873505,					0.1585528,					0,
				-1,					-4.425536E-15,					-9.552826E-15,					0,
				0.2227688,					-0.4253602,					-0.1683833,					1
			]
			,"name": "0000-9782-20"		}
,
		{
			"mesh": 121
			,"name": "0000-9782-20 - Part"		}
,
		{
			"children": [
				243
			]
			,"matrix": [
				-6.690831E-15,					0.246338,					0.969184,					0,
				1.746515E-15,					0.969184,					-0.246338,					0,
				-1,					4.448875E-17,					-6.914879E-15,					0,
				0.2227688,					-0.3581581,					-0.1683833,					1
			]
			,"name": "0000-9782-21"		}
,
		{
			"mesh": 122
			,"name": "0000-9782-21 - Part"		}
,
		{
			"children": [
				245
			]
			,"matrix": [
				-9.571402E-15,					-4.64212E-15,					1,					0,
				-4.64212E-15,					1,					4.64212E-15,					0,
				-1,					-4.64212E-15,					-9.571402E-15,					0,
				0.2276075,					0.1278929,					-0.174492,					1
			]
			,"name": "0000-9783-1"		}
,
		{
			"mesh": 123
			,"name": "0000-9783-1 - Part"		}
,
		{
			"children": [
				247, 248, 249, 250
			]
			,"matrix": [
				0.7071068,					-4.832741E-16,					0.7071068,					0,
				2.797346E-15,					1,					-2.113893E-15,					0,
				-0.7071068,					3.472771E-15,					0.7071068,					0,
				0.5841208,					-0.3582644,					0.02241326,					1
			]
			,"name": "0000-0810-1"		}
,
		{
			"mesh": 124
			,"name": "0000-0810-1 - Part"		}
,
		{
			"mesh": 125
			,"name": "0000-0810-1 - Part 2"		}
,
		{
			"mesh": 126
			,"name": "0000-0810-1 - Part 3"		}
,
		{
			"mesh": 127
			,"name": "0000-0810-1 - Part 4"		}
,
		{
			"children": [
				252, 253, 254, 255
			]
			,"matrix": [
				3.374903E-15,					-1.671004E-16,					1,					0,
				-1.671004E-16,					1,					1.671004E-16,					0,
