{
	"asset": {
		"generator": "VISUALIZEGLTF",
		"version" : "2.0"
	},
	"extensionsUsed": [ "KHR_draco_mesh_compression","KHR_materials_pbrSpecularGlossiness","KHR_texture_transform" ],
	"extensionsRequired": [ "KHR_draco_mesh_compression" ],
	"scenes": [
		{
			"name": "Default",
			"nodes": [
				0]
		}
	],
	"nodes": [
		{
			"children": [
				1, 509, 510, 511, 512
			]
			,"name": "Root"		}
,
		{
			"children": [
				2, 25, 27, 29, 31, 33, 35, 37, 39, 41, 43, 45, 47, 49, 51, 53, 55, 57, 62, 210, 212, 214, 217, 221, 226, 233, 240, 267, 294, 311, 313, 315, 317, 319, 321, 324, 327, 329, 331, 333, 335, 337, 339, 341, 343, 345, 347, 349, 351, 353, 355, 357, 359, 361, 363, 365, 367, 369, 371, 373, 375, 377, 379, 381, 383, 385, 387, 389, 391, 394, 397, 399, 401, 403, 405, 409, 413, 417, 421, 423, 425, 427, 429, 433, 437, 441, 445, 447, 449, 451, 453, 455, 457, 459, 461, 463, 465, 467, 469, 471, 473, 475, 477, 479, 481, 483, 485, 487, 489, 491, 493, 495, 497, 499, 501, 503, 505, 507
			]
			,"matrix": [
				1,					0,					0,					0,
				0,					1,					0,					0,
				0,					0,					1,					0,
				0,					0.2995573,					0,					1
			]
			,"name": "ENR231818-1 (Doors Open)"		}
,
		{
			"children": [
				3, 5, 7, 9, 11, 13, 16, 19, 22
			]
			,"name": "0000-5213-2"		}
,
		{
			"children": [
				4
			]
			,"name": "0000-5213-1"		}
,
		{
			"mesh": 0
			,"name": "0000-5213-1 - Part"		}
,
		{
			"children": [
				6
			]
			,"matrix": [
				1.4962E-32,					1,					1.223193E-16,					0,
				-1,					0,					1.223193E-16,					0,
				1.223193E-16,					-1.223193E-16,					1,					0,
				0.2286,					0.2413,					0.3124835,					1
			]
			,"name": "#10-32 Stud FH-FHS-FHA-1"		}
,
		{
			"mesh": 1
			,"name": "#10-32 Stud FH-FHS-FHA-1 - Part"		}
,
		{
			"children": [
				8
			]
			,"matrix": [
				1.4962E-32,					1,					1.223193E-16,					0,
				-1,					0,					1.223193E-16,					0,
				1.223193E-16,					-1.223193E-16,					1,					0,
				0.2286,					0.127,					0.3124835,					1
			]
			,"name": "#10-32 Stud FH-FHS-FHA-2"		}
,
		{
			"mesh": 2
			,"name": "#10-32 Stud FH-FHS-FHA-2 - Part"		}
,
		{
			"children": [
				10
			]
			,"matrix": [
				1.4962E-32,					1,					1.223193E-16,					0,
				-1,					0,					1.223193E-16,					0,
				1.223193E-16,					-1.223193E-16,					1,					0,
				0.2286,					-0.127,					0.3124835,					1
			]
			,"name": "#10-32 Stud FH-FHS-FHA-3"		}
,
		{
			"mesh": 3
			,"name": "#10-32 Stud FH-FHS-FHA-3 - Part"		}
,
		{
			"children": [
				12
			]
			,"matrix": [
				1.4962E-32,					1,					1.223193E-16,					0,
				-1,					0,					1.223193E-16,					0,
				1.223193E-16,					-1.223193E-16,					1,					0,
				0.2286,					-0.2413,					0.3124835,					1
			]
			,"name": "#10-32 Stud FH-FHS-FHA-4"		}
,
		{
			"mesh": 4
			,"name": "#10-32 Stud FH-FHS-FHA-4 - Part"		}
,
		{
			"children": [
				14, 15
			]
			,"matrix": [
				1.4962E-32,					-1,					1.223193E-16,					0,
				1,					0,					-1.223193E-16,					0,
				1.223193E-16,					1.223193E-16,					1,					0,
				0.225425,					0.2159,					0.073025,					1
			]
			,"name": "#5-16 Stud FH-FHS-FHA-1"		}
,
		{
			"mesh": 5
			,"name": "#5-16 Stud FH-FHS-FHA-1 - Part"		}
,
		{
			"mesh": 6
			,"name": "#5-16 Stud FH-FHS-FHA-1 - Part 2"		}
,
		{
			"children": [
				17, 18
			]
			,"matrix": [
				1.4962E-32,					-1,					1.223193E-16,					0,
				1,					0,					-1.223193E-16,					0,
				1.223193E-16,					1.223193E-16,					1,					0,
				0.225425,					-0.2159,					0.073025,					1
			]
			,"name": "#5-16 Stud FH-FHS-FHA-2"		}
,
		{
			"mesh": 7
			,"name": "#5-16 Stud FH-FHS-FHA-2 - Part"		}
,
		{
			"mesh": 8
			,"name": "#5-16 Stud FH-FHS-FHA-2 - Part 2"		}
,
		{
			"children": [
				20, 21
			]
			,"matrix": [
				1.4962E-32,					-1,					1.223193E-16,					0,
				1,					0,					-1.223193E-16,					0,
				1.223193E-16,					1.223193E-16,					1,					0,
				0.225425,					-0.2159,					0.377825,					1
			]
			,"name": "#5-16 Stud FH-FHS-FHA-3"		}
,
		{
			"mesh": 9
			,"name": "#5-16 Stud FH-FHS-FHA-3 - Part"		}
,
		{
			"mesh": 10
			,"name": "#5-16 Stud FH-FHS-FHA-3 - Part 2"		}
,
		{
			"children": [
				23, 24
			]
			,"matrix": [
				1.4962E-32,					-1,					1.223193E-16,					0,
				1,					0,					-1.223193E-16,					0,
				1.223193E-16,					1.223193E-16,					1,					0,
				0.225425,					0.2159,					0.377825,					1
			]
			,"name": "#5-16 Stud FH-FHS-FHA-4"		}
,
		{
			"mesh": 11
			,"name": "#5-16 Stud FH-FHS-FHA-4 - Part"		}
,
		{
			"mesh": 12
			,"name": "#5-16 Stud FH-FHS-FHA-4 - Part 2"		}
,
		{
			"children": [
				26
			]
			,"matrix": [
				1,					0,					0,					0,
				0,					1,					0,					0,
				0,					0,					1,					0,
				-2.775558E-17,					0.2921,					0.225425,					1
			]
			,"name": "0000-5195-1-1"		}
,
		{
			"mesh": 13
			,"name": "0000-5195-1-1 - Part"		}
,
		{
			"children": [
				28
			]
			,"matrix": [
				-1,					-1.734723E-18,					4.857226E-16,					0,
				1.734723E-18,					-1,					6.989964E-18,					0,
				4.857226E-16,					6.989964E-18,					1,					0,
				-6.765422E-17,					-0.2921,					0.225425,					1
			]
			,"name": "0000-5195-2"		}
,
		{
			"mesh": 14
			,"name": "0000-5195-2 - Part"		}
,
		{
			"children": [
				30
			]
			,"matrix": [
				-1,					1.523304E-17,					-1.387779E-16,					0,
				-1.125735E-16,					0.4999491,					0.8660548,					0,
				8.257452E-17,					0.8660548,					-0.4999491,					0,
				-0.2286,					7.824687E-16,					0.225425,					1
			]
			,"name": "0000-5196-1"		}
,
		{
			"mesh": 15
			,"name": "0000-5196-1 - Part"		}
,
		{
			"children": [
				32
			]
			,"matrix": [
				1,					0,					0,					0,
				0,					1,					0,					0,
				0,					0,					1,					0,
				-0.22225,					0,					0.225425,					1
			]
			,"name": "0000-5197-1"		}
,
		{
			"mesh": 16
			,"name": "0000-5197-1 - Part"		}
,
		{
			"children": [
				34
			]
			,"matrix": [
				1,					0,					0,					0,
				0,					1,					0,					0,
				0,					0,					1,					0,
				-0.0762,					0.288925,					0.225425,					1
			]
			,"name": "0000-5199-1"		}
,
		{
			"mesh": 17
			,"name": "0000-5199-1 - Part"		}
,
		{
			"children": [
				36
			]
			,"matrix": [
				-1,					3.608225E-16,					1.387779E-17,					0,
				-3.330669E-16,					-1,					-1.387779E-17,					0,
				-1.353097E-17,					3.083176E-18,					1,					0,
				-0.0762,					-0.288925,					0.225425,					1
			]
			,"name": "0000-5199-2"		}
,
		{
			"mesh": 18
			,"name": "0000-5199-2 - Part"		}
,
		{
			"children": [
				38
			]
			,"matrix": [
				1,					0,					0,					0,
				0,					-0.7736308,					0.6336367,					0,
				0,					-0.6336367,					-0.7736308,					0,
				-0.225425,					0.1905,					0.034925,					1
			]
			,"name": "0000-5200-1"		}
,
		{
			"mesh": 19
			,"name": "0000-5200-1 - Part"		}
,
		{
			"children": [
				40
			]
			,"matrix": [
				1,					0,					0,					0,
				0,					-0.7736308,					0.6336367,					0,
				0,					-0.6336367,					-0.7736308,					0,
				-0.225425,					-0.1905,					0.034925,					1
			]
			,"name": "0000-5200-2"		}
,
		{
			"mesh": 20
			,"name": "0000-5200-2 - Part"		}
,
		{
			"children": [
				42
			]
			,"matrix": [
				1,					0,					0,					0,
				0,					-0.7736308,					0.6336367,					0,
				0,					-0.6336367,					-0.7736308,					0,
				-0.225425,					-0.1905,					0.415925,					1
			]
			,"name": "0000-5200-3"		}
,
		{
			"mesh": 21
			,"name": "0000-5200-3 - Part"		}
,
		{
			"children": [
				44
			]
			,"matrix": [
				1,					0,					0,					0,
				0,					-0.7736308,					0.6336367,					0,
				0,					-0.6336367,					-0.7736308,					0,
				-0.225425,					0.1905,					0.415925,					1
			]
			,"name": "0000-5200-4"		}
,
		{
			"mesh": 22
			,"name": "0000-5200-4 - Part"		}
,
		{
			"children": [
				46
			]
			,"matrix": [
				8.326673E-17,					0.5848514,					0.8111405,					0,
				-1.249001E-16,					0.8111405,					-0.5848514,					0,
				-1,					9.75782E-18,					8.326673E-17,					0,
				0.2270125,					0.250825,					0.41275,					1
			]
			,"name": "1-2 NPT Coupling - Aluminum - 44705K520-1"		}
,
		{
			"mesh": 23
			,"name": "1-2 NPT Coupling - Aluminum - 44705K520-1 - Part"		}
,
		{
			"children": [
				48
			]
			,"matrix": [
				8.326673E-17,					0.5049327,					0.8631587,					0,
				-5.551115E-17,					0.8631587,					-0.5049327,					0,
				-1,					4.065758E-19,					5.551115E-17,					0,
				0.2270125,					-0.250825,					0.41275,					1
			]
			,"name": "1-2 NPT Coupling - Aluminum - 44705K520-2"		}
,
		{
			"mesh": 24
			,"name": "1-2 NPT Coupling - Aluminum - 44705K520-2 - Part"		}
,
		{
			"children": [
				50
			]
			,"matrix": [
				5.551115E-17,					0.3712081,					0.9285497,					0,
				0,					0.9285497,					-0.3712081,					0,
				-1,					-3.642919E-17,					8.326673E-17,					0,
				0.2389188,					-9.12696E-16,					0.225425,					1
			]
			,"name": "3-4 NPT Coupling - Aluminum - 44705K560-1"		}
,
		{
			"mesh": 25
			,"name": "3-4 NPT Coupling - Aluminum - 44705K560-1 - Part"		}
,
		{
			"children": [
				52
			]
			,"matrix": [
				0.999348,					0.03610549,					5.551115E-17,					0,
				-0.03610549,					0.999348,					1.387779E-17,					0,
				-5.497389E-17,					-1.5873E-17,					1,					0,
				0.1905,					0.127,					-0.0015875,					1
			]
			,"name": "3-4 NPT Coupling - Aluminum - 44705K560-2"		}
,
		{
			"mesh": 26
			,"name": "3-4 NPT Coupling - Aluminum - 44705K560-2 - Part"		}
,
		{
			"children": [
				54
			]
			,"matrix": [
				0.995523,					0.09451962,					0,					0,
				-0.09451962,					0.995523,					-6.938894E-18,					0,
				0,					0,					1,					0,
				0.1905,					-0.127,					-0.0015875,					1
			]
			,"name": "3-4 NPT Coupling - Aluminum - 44705K560-3"		}
,
		{
			"mesh": 27
			,"name": "3-4 NPT Coupling - Aluminum - 44705K560-3 - Part"		}
,
		{
			"children": [
				56
			]
			,"matrix": [
				1,					0,					0,					0,
				0,					1,					0,					0,
				0,					0,					1,					0,
				0.062865,					-0.1317625,					0.3872865,					1
			]
			,"name": "0000-5198-1"		}
,
		{
			"mesh": 28
			,"name": "0000-5198-1 - Part"		}
,
		{
			"children": [
				58, 60
			]
			,"name": "0000-5201-2"		}
,
		{
			"children": [
				59
			]
			,"matrix": [
				-0.9848077,					2.082603E-16,					0.1736482,					0,
				2.050964E-16,					1,					-3.616402E-17,					0,
				-0.1736482,					0,					-0.9848077,					0,
				-0.4207965,					-6.25E-06,					0.4848957,					1
			]
			,"name": "0000-5201-1"		}
,
		{
			"mesh": 29
			,"name": "0000-5201-1 - Part"		}
,
		{
			"children": [
				61
			]
			,"matrix": [
				-0.9848077,					2.082603E-16,					0.1736482,					0,
				2.050964E-16,					1,					-3.616402E-17,					0,
				-0.1736482,					0,					-0.9848077,					0,
				-0.4263098,					0.1269937,					0.4536281,					1
			]
			,"name": "2-0 NPT Half Coupling - Aluminum - 44705K324-1"		}
,
		{
			"mesh": 30
			,"name": "2-0 NPT Half Coupling - Aluminum - 44705K324-1 - Part"		}
,
		{
			"children": [
				63, 71, 73, 83, 86, 88, 90, 101, 104, 183
			]
			,"name": "0000-5204-1"		}
,
		{
			"children": [
				64, 66, 68
			]
			,"name": "0000-5204A-2"		}
,
		{
			"children": [
				65
			]
			,"matrix": [
				1,					0,					0,					0,
				0,					1,					0,					0,
				0,					0,					1,					0,
				0.231775,					0.0001016,					0.225425,					1
			]
			,"name": "0000-5204A-1"		}
,
		{
			"mesh": 31
			,"name": "0000-5204A-1 - Part"		}
,
		{
			"children": [
				67
			]
			,"matrix": [
				1,					3.853573E-15,					-2.433034E-18,					0,
				7.888609E-31,					1.214306E-16,					1,					0,
				3.84578E-15,					-1,					1.110223E-16,					0,
				0.276225,					0.2998216,					0.075057,					1
			]
			,"name": "80mm Weld Hinge Male-1"		}
,
		{
			"mesh": 32
			,"name": "80mm Weld Hinge Male-1 - Part"		}
,
		{
			"children": [
				69
			]
			,"name": "LocalLPattern1-2"		}
,
		{
			"children": [
				70
			]
			,"matrix": [
				1,					3.853573E-15,					-2.433034E-18,					0,
				7.888609E-31,					1.214306E-16,					1,					0,
				3.84578E-15,					-1,					1.110223E-16,					0,
				0.276225,					0.2998216,					0.379857,					1
			]
			,"name": "80mm Weld Hinge Male-2"		}
,
		{
			"mesh": 33
			,"name": "80mm Weld Hinge Male-2 - Part"		}
,
		{
			"children": [
				72
			]
			,"matrix": [
				3.712308E-16,					-3.697785E-32,					-1,					0,
				2.32772E-18,					1,					-1.232595E-32,					0,
				1,					-2.32772E-18,					3.712308E-16,					0,
				0.3429,					-0.2888234,					0.225425,					1
			]
			,"name": "0000-5204B-1"		}
,
		{
			"mesh": 34
			,"name": "0000-5204B-1 - Part"		}
,
		{
			"children": [
				74, 76, 79
			]
			,"name": "0000-5204C-2"		}
,
		{
			"children": [
				75
			]
			,"matrix": [
				-0.6427876,					0.7660444,					8.64802E-15,					0,
				-0.7660444,					-0.6427876,					-1.631021E-16,					0,
				5.433897E-15,					-6.729608E-15,					1,					0,
				0.3550246,					0.6084749,					0.2256028,					1
			]
			,"name": "0000-5204C-1"		}
,
		{
			"mesh": 35
			,"name": "0000-5204C-1 - Part"		}
,
		{
			"children": [
				77, 78
			]
			,"matrix": [
				0.7660444,					0.6427876,					-7.805411E-17,					0,
				-5.382069E-31,					-1.214306E-16,					-1,					0,
				-0.6427876,					0.7660444,					-9.302127E-17,					0,
				0.276225,					0.2998216,					0.0732028,					1
			]
			,"name": "80mm Weld Hinge Female-1"		}
,
		{
			"mesh": 36
			,"name": "80mm Weld Hinge Female-1 - Part"		}
,
		{
			"mesh": 37
			,"name": "80mm Weld Hinge Female-1 - Part 2"		}
,
		{
			"children": [
				80
			]
			,"name": "LocalLPattern1-2 2"		}
,
		{
			"children": [
				81, 82
			]
			,"matrix": [
				0.7660444,					0.6427876,					-7.805411E-17,					0,
				-5.382069E-31,					-1.214306E-16,					-1,					0,
				-0.6427876,					0.7660444,					-9.302127E-17,					0,
				0.276225,					0.2998216,					0.3780028,					1
			]
			,"name": "80mm Weld Hinge Female-2"		}
,
		{
			"mesh": 38
			,"name": "80mm Weld Hinge Female-2 - Part"		}
,
		{
			"mesh": 39
			,"name": "80mm Weld Hinge Female-2 - Part 2"		}
,
		{
			"children": [
				84
			]
			,"matrix": [
				4.465879E-13,					-5.322847E-13,					1,					0,
				-0.6427876,					0.7660444,					6.948149E-13,					0,
				-0.7660444,					-0.6427876,					-3.979449E-17,					0,
				0.4704352,					0.6685108,					0.1221708,					1
			]
			,"name": "Handle - BLK Poly - 500-93550900-1"		}
,
		{
			"children": [
				85
			]
			,"mesh": 40
			,"name": "Handle - BLK Poly - 500-93550900-1 - Part"		}
,
		{
			"mesh": 41
			,"name": "Handle - BLK Poly - 500-93550900-1 - Part_clonedChild"		}
,
		{
			"children": [
				87
			]
			,"matrix": [
				-0.3016178,					-0.2530874,					0.9192244,					0,
				-0.7041667,					-0.590866,					-0.3937341,					0,
				0.6427876,					-0.7660444,					-8.538738E-15,					0,
				0.5370374,					0.7324828,					0.2255765,					1
			]
			,"name": "Dirak 1-PT Cam-1"		}
,
		{
			"mesh": 42
			,"name": "Dirak 1-PT Cam-1 - Part"		}
,
		{
			"children": [
				89
			]
			,"matrix": [
				1.249001E-16,					-4.105529E-16,					-1,					0,
				3.501386E-15,					1,					-4.105529E-16,					0,
				1,					-3.501386E-15,					1.249001E-16,					0,
				0.4468813,					-0.2173859,					0.225425,					1
			]
			,"name": "0000-5204D-1"		}
,
		{
			"mesh": 43
			,"name": "0000-5204D-1 - Part"		}
,
		{
			"children": [
				91, 93, 95, 98
			]
			,"name": "FASTENERS-2"		}
,
		{
			"children": [
				92
			]
			,"matrix": [
				0.7660444,					0.6427876,					-8.504881E-15,					0,
				-0.6427876,					0.7660444,					1.831274E-14,					0,
				1.828631E-14,					-8.561537E-15,					1,					0,
				0.4553817,					0.6864509,					0.2954528,					1
			]
			,"name": "#1-4-Flat-Reg-1"		}
,
		{
			"mesh": 44
			,"name": "#1-4-Flat-Reg-1 - Part"		}
,
		{
			"children": [
				94
			]
			,"matrix": [
				0.7660444,					0.6427876,					-8.504881E-15,					0,
				-0.6427876,					0.7660444,					1.831274E-14,					0,
				1.828631E-14,					-8.561537E-15,					1,					0,
				0.4553817,					0.6864509,					0.1557528,					1
			]
			,"name": "#1-4-Flat-Reg-2"		}
,
		{
			"mesh": 45
			,"name": "#1-4-Flat-Reg-2 - Part"		}
,
		{
			"children": [
				96, 97
			]
			,"matrix": [
				-0.7660444,					-0.6427876,					1.633195E-14,					0,
				0.6427876,					-0.7660444,					-8.64802E-15,					0,
				1.841003E-14,					4.158664E-15,					1,					0,
				0.4553817,					0.6864509,					0.2954528,					1
			]
			,"name": "#1-4-Hex Full-Thd-1"		}
,
		{
			"mesh": 46
			,"name": "#1-4-Hex Full-Thd-1 - Part"		}
,
		{
			"mesh": 47
			,"name": "#1-4-Hex Full-Thd-1 - Part 2"		}
,
		{
			"children": [
				99, 100
			]
			,"matrix": [
				-0.7660444,					-0.6427876,					1.633195E-14,					0,
				0.6427876,					-0.7660444,					-8.64802E-15,					0,
				1.841003E-14,					4.158664E-15,					1,					0,
				0.4553817,					0.6864509,					0.1557528,					1
			]
			,"name": "#1-4-Hex Full-Thd-2"		}
,
		{
			"mesh": 48
			,"name": "#1-4-Hex Full-Thd-2 - Part"		}
,
		{
			"mesh": 49
			,"name": "#1-4-Hex Full-Thd-2 - Part 2"		}
,
		{
			"children": [
				102
			]
			,"matrix": [
				-5.433897E-15,					6.729608E-15,					-1,					0,
				0.7660444,					0.6427876,					1.631021E-16,					0,
				0.6427876,					-0.7660444,					-8.64802E-15,					0,
				0.2641414,					0.316692,					0.2256028,					1
			]
			,"name": "0000-5204 - Gasket-1"		}
,
		{
			"children": [
				103
			]
			,"mesh": 50
			,"name": "0000-5204 - Gasket-1 - Part"		}
,
		{
			"mesh": 51
			,"name": "0000-5204 - Gasket-1 - Part_clonedChild"		}
,
		{
			"children": [
				105, 107, 109, 111, 113, 115, 117, 119, 121, 123, 126, 129, 132, 135, 137, 139, 141, 143, 145, 147, 149, 151, 155, 159, 163, 167, 171, 175, 179
			]
			,"name": "0000-9695-1"		}
,
		{
			"children": [
				106
			]
			,"matrix": [
				1,					0,					0,					0,
				0,					1,					0,					0,
				0,					0,					1,					0,
				0.2319782,					0.02921,					0.454025,					1
			]
			,"name": "0000-9695-1 2"		}
,
		{
			"mesh": 52
			,"name": "0000-9695-1 2 - Part"		}
,
		{
			"children": [
				108
			]
			,"matrix": [
				1,					-1.313389E-16,					0,					0,
				-5.551115E-17,					-1.387779E-16,					-1,					0,
				1.515425E-16,					1,					-1.320877E-16,					0,
				0.2889377,					0.18542,					0.470535,					1
			]
			,"name": "#1-4-Carriage Bolt-1"		}
,
		{
			"mesh": 53
			,"name": "#1-4-Carriage Bolt-1 - Part"		}
,
		{
			"children": [
				110
			]
			,"matrix": [
				1,					-1.313389E-16,					0,					0,
				-2.775558E-17,					3.489189E-18,					-1,					0,
				1.313389E-16,					1,					3.489189E-18,					0,
				0.4789297,					0.18542,					0.470535,					1
			]
			,"name": "#1-4-Carriage Bolt-2"		}
,
		{
			"mesh": 54
			,"name": "#1-4-Carriage Bolt-2 - Part"		}
,
		{
			"children": [
				112
			]
			,"matrix": [
				1,					-1.313389E-16,					-1.22298E-16,					0,
				-1.43982E-16,					-1.301043E-17,					-1,					0,
				1.767565E-16,					1,					-1.378066E-17,					0,
				0.2889377,					-0.127,					0.470535,					1
			]
			,"name": "#1-4-Carriage Bolt-3"		}
,
		{
			"mesh": 55
			,"name": "#1-4-Carriage Bolt-3 - Part"		}
,
		{
			"children": [
				114
			]
			,"matrix": [
				1,					-1.774964E-17,					0,					0,
				8.326673E-17,					3.682449E-19,					-1,					0,
				-2.183651E-18,					1,					0,					0,
				0.4789297,					-0.127,					0.470535,					1
			]
			,"name": "#1-4-Carriage Bolt-4"		}
,
		{
			"mesh": 56
			,"name": "#1-4-Carriage Bolt-4 - Part"		}
,
		{
			"children": [
				116
			]
			,"matrix": [
				1,					-4.718448E-16,					-5.273559E-16,					0,
				-5.273559E-16,					9.668203E-15,					-1,					0,
				4.718448E-16,					1,					9.668203E-15,					0,
				0.4789297,					0.18542,					0.482727,					1
			]
			,"name": "#1-4-Flat-Reg-1 2"		}
,
		{
			"mesh": 57
			,"name": "#1-4-Flat-Reg-1 2 - Part"		}
,
		{
			"children": [
				118
			]
			,"matrix": [
				0.9830519,					-0.1833276,					-7.465754E-17,					0,
				-7.942659E-17,					-1.867105E-17,					-1,					0,
				0.1833276,					0.9830519,					-3.29157E-17,					0,
				0.2889377,					0.18542,					0.482727,					1
			]
			,"name": "#1-4-Flat-Reg-2 2"		}
,
		{
			"mesh": 58
			,"name": "#1-4-Flat-Reg-2 2 - Part"		}
,
		{
			"children": [
				120
			]
			,"matrix": [
				0.9972632,					-0.07393287,					-1.753559E-16,					0,
				-1.678975E-16,					1.070964E-16,					-1,					0,
				0.07393287,					0.9972632,					9.439016E-17,					0,
				0.2889377,					-0.127,					0.482727,					1
			]
			,"name": "#1-4-Flat-Reg-3"		}
,
		{
			"mesh": 59
			,"name": "#1-4-Flat-Reg-3 - Part"		}
,
		{
			"children": [
				122
			]
			,"matrix": [
				1,					-5.828671E-16,					-4.163336E-16,					0,
				-4.163336E-16,					9.665083E-15,					-1,					0,
				5.828671E-16,					1,					9.665083E-15,					0,
				0.4789297,					-0.127,					0.482727,					1
			]
			,"name": "#1-4-Flat-Reg-4"		}
,
		{
			"mesh": 60
			,"name": "#1-4-Flat-Reg-4 - Part"		}
,
		{
			"children": [
				124, 125
			]
			,"matrix": [
				1,					0,					0,					0,
				0,					1,					0,					0,
				0,					0,					1,					0,
				0.2889377,					0.18542,					0.482727,					1
			]
			,"name": "#1-4-Hex-Lock-1"		}
,
		{
			"mesh": 61
			,"name": "#1-4-Hex-Lock-1 - Part"		}
,
		{
			"mesh": 62
			,"name": "#1-4-Hex-Lock-1 - Part 2"		}
,
		{
			"children": [
				127, 128
			]
			,"matrix": [
				0.9909093,					-0.1345314,					0,					0,
				0.1345314,					0.9909093,					0,					0,
				0,					0,					1,					0,
				0.4789297,					0.18542,					0.482727,					1
			]
			,"name": "#1-4-Hex-Lock-2"		}
,
		{
			"mesh": 63
			,"name": "#1-4-Hex-Lock-2 - Part"		}
,
		{
			"mesh": 64
			,"name": "#1-4-Hex-Lock-2 - Part 2"		}
,
		{
			"children": [
				130, 131
			]
			,"matrix": [
				1,					0,					0,					0,
				0,					1,					0,					0,
				0,					0,					1,					0,
				0.2889377,					-0.127,					0.482727,					1
			]
			,"name": "#1-4-Hex-Lock-3"		}
,
		{
			"mesh": 65
			,"name": "#1-4-Hex-Lock-3 - Part"		}
,
		{
			"mesh": 66
			,"name": "#1-4-Hex-Lock-3 - Part 2"		}
,
		{
			"children": [
				133, 134
			]
			,"matrix": [
				0.9561606,					-0.2928429,					0,					0,
				0.2928429,					0.9561606,					0,					0,
				0,					0,					1,					0,
				0.4789297,					-0.127,					0.482727,					1
			]
			,"name": "#1-4-Hex-Lock-5"		}
,
		{
			"mesh": 67
			,"name": "#1-4-Hex-Lock-5 - Part"		}
,
		{
			"mesh": 68
			,"name": "#1-4-Hex-Lock-5 - Part 2"		}
,
		{
			"children": [
				136
			]
			,"matrix": [
				1,					-5.290654E-18,					-5.290654E-18,					0,
				-5.290654E-18,					-5.519522E-17,					-1,					0,
				5.290654E-18,					1,					-5.519522E-17,					0,
				0.244475,					0.22431,					0.458089,					1
			]
			,"name": "#10-Flat-Reg-1"		}
,
		{
			"mesh": 69
			,"name": "#10-Flat-Reg-1 - Part"		}
,
		{
			"children": [
				138
			]
			,"matrix": [
				1,					-5.290654E-18,					-5.290654E-18,					0,
				-5.290654E-18,					-5.519522E-17,					-1,					0,
				5.290654E-18,					1,					-5.519522E-17,					0,
				0.244475,					0.19431,					0.458089,					1
			]
			,"name": "#10-Flat-Reg-2"		}
,
		{
			"mesh": 70
			,"name": "#10-Flat-Reg-2 - Part"		}
,
		{
			"children": [
				140
			]
			,"matrix": [
				1,					-5.290654E-18,					-5.290654E-18,					0,
				-5.290654E-18,					-5.519522E-17,					-1,					0,
				5.290654E-18,					1,					-5.519522E-17,					0,
				0.244475,					-0.13589,					0.458089,					1
			]
			,"name": "#10-Flat-Reg-3"		}
,
		{
			"mesh": 71
			,"name": "#10-Flat-Reg-3 - Part"		}
,
		{
			"children": [
				142
			]
			,"matrix": [
				1,					-5.290654E-18,					-5.290654E-18,					0,
				-5.290654E-18,					-5.519522E-17,					-1,					0,
				5.290654E-18,					1,					-5.519522E-17,					0,
				0.244475,					-0.16589,					0.458089,					1
			]
			,"name": "#10-Flat-Reg-4"		}
,
		{
			"mesh": 72
			,"name": "#10-Flat-Reg-4 - Part"		}
,
		{
			"children": [
				144
			]
			,"matrix": [
				1,					2.920188E-34,					2.920188E-34,					0,
				-2.920188E-34,					0,					1,					0,
				2.920188E-34,					-1,					0,					0,
				0.244475,					-0.16589,					0.4614672,					1
			]
			,"name": "10-PH-Phlp-IMP-1"		}
,
		{
			"mesh": 73
			,"name": "10-PH-Phlp-IMP-1 - Part"		}
,
		{
			"children": [
				146
			]
			,"matrix": [
				0.9992794,					-0.03795475,					-1.647987E-17,					0,
				-2.918084E-34,					8.673617E-18,					1,					0,
				-0.03795475,					-0.9992794,					1.734723E-17,					0,
				0.244475,					-0.13589,					0.4614672,					1
			]
			,"name": "10-PH-Phlp-IMP-2"		}
,
		{
			"mesh": 74
			,"name": "10-PH-Phlp-IMP-2 - Part"		}
,
		{
			"children": [
				148
			]
			,"matrix": [
				1,					2.920188E-34,					2.920188E-34,					0,
				-2.920188E-34,					0,					1,					0,
				2.920188E-34,					-1,					0,					0,
				0.244475,					0.19431,					0.4614672,					1
			]
			,"name": "10-PH-Phlp-IMP-3"		}
,
		{
			"mesh": 75
			,"name": "10-PH-Phlp-IMP-3 - Part"		}
,
		{
			"children": [
				150
			]
			,"matrix": [
				1,					2.920188E-34,					2.920188E-34,					0,
				-2.920188E-34,					0,					1,					0,
				2.920188E-34,					-1,					0,					0,
				0.244475,					0.22431,					0.4614672,					1
			]
			,"name": "10-PH-Phlp-IMP-4"		}
,
		{
			"mesh": 76
			,"name": "10-PH-Phlp-IMP-4 - Part"		}
,
		{
			"children": [
				152, 153, 154
			]
			,"matrix": [
				0.923728,					0.383049,					5.39492E-34,					0,
				0.383049,					-0.923728,					2.237151E-34,					0,
				5.840377E-34,					0,					-1,					0,
				0.244475,					0.19431,					0.442214,					1
			]
			,"name": "#10-Hex-Lock-3"		}
,
		{
			"mesh": 77
			,"name": "#10-Hex-Lock-3 - Part"		}
,
		{
			"mesh": 78
			,"name": "#10-Hex-Lock-3 - Part 2"		}
,
		{
			"mesh": 79
			,"name": "#10-Hex-Lock-3 - Part 3"		}
,
		{
			"children": [
				156, 157, 158
			]
			,"matrix": [
				0.923728,					0.383049,					5.39492E-34,					0,
				0.383049,					-0.923728,					2.237151E-34,					0,
				5.840377E-34,					0,					-1,					0,
				0.244475,					0.22431,					0.442214,					1
			]
			,"name": "#10-Hex-Lock-4"		}
,
		{
			"mesh": 80
			,"name": "#10-Hex-Lock-4 - Part"		}
,
		{
			"mesh": 81
			,"name": "#10-Hex-Lock-4 - Part 2"		}
,
		{
			"mesh": 82
			,"name": "#10-Hex-Lock-4 - Part 3"		}
,
		{
			"children": [
				160, 161, 162
			]
			,"matrix": [
				0.923728,					0.383049,					5.39492E-34,					0,
				0.383049,					-0.923728,					2.237151E-34,					0,
				5.840377E-34,					0,					-1,					0,
				0.244475,					-0.13589,					0.442214,					1
			]
			,"name": "#10-Hex-Lock-5"		}
,
		{
			"mesh": 83
			,"name": "#10-Hex-Lock-5 - Part"		}
,
		{
			"mesh": 84
			,"name": "#10-Hex-Lock-5 - Part 2"		}
,
		{
			"mesh": 85
			,"name": "#10-Hex-Lock-5 - Part 3"		}
,
		{
			"children": [
				164, 165, 166
			]
			,"matrix": [
				0.923728,					0.383049,					5.39492E-34,					0,
				0.383049,					-0.923728,					2.237151E-34,					0,
				5.840377E-34,					0,					-1,					0,
				0.244475,					-0.16589,					0.442214,					1
			]
			,"name": "#10-Hex-Lock-6"		}
,
		{
			"mesh": 86
			,"name": "#10-Hex-Lock-6 - Part"		}
,
		{
			"mesh": 87
			,"name": "#10-Hex-Lock-6 - Part 2"		}
,
		{
			"mesh": 88
			,"name": "#10-Hex-Lock-6 - Part 3"		}
,
		{
			"children": [
				168, 169, 170
			]
			,"matrix": [
				1,					-5.840377E-34,					5.840377E-34,					0,
				5.840377E-34,					0,					-1,					0,
				5.840377E-34,					1,					0,					0,
				0.244475,					-0.16589,					0.4441698,					1
			]
			,"name": "Flat Sealing Washer-1"		}
,
		{
			"mesh": 89
			,"name": "Flat Sealing Washer-1 - Part"		}
,
		{
			"mesh": 90
			,"name": "Flat Sealing Washer-1 - Part 2"		}
,
		{
			"mesh": 91
			,"name": "Flat Sealing Washer-1 - Part 3"		}
,
		{
			"children": [
				172, 173, 174
			]
			,"matrix": [
				1,					-5.840377E-34,					5.840377E-34,					0,
				5.840377E-34,					0,					-1,					0,
				5.840377E-34,					1,					0,					0,
				0.244475,					-0.13589,					0.4441698,					1
			]
			,"name": "Flat Sealing Washer-2"		}
,
		{
			"mesh": 92
			,"name": "Flat Sealing Washer-2 - Part"		}
,
		{
			"mesh": 93
			,"name": "Flat Sealing Washer-2 - Part 2"		}
,
		{
			"mesh": 94
			,"name": "Flat Sealing Washer-2 - Part 3"		}
,
		{
			"children": [
				176, 177, 178
			]
			,"matrix": [
				1,					-5.840377E-34,					5.840377E-34,					0,
				5.840377E-34,					0,					-1,					0,
				5.840377E-34,					1,					0,					0,
				0.244475,					0.19431,					0.4441698,					1
			]
			,"name": "Flat Sealing Washer-3"		}
,
		{
			"mesh": 95
			,"name": "Flat Sealing Washer-3 - Part"		}
,
		{
			"mesh": 96
			,"name": "Flat Sealing Washer-3 - Part 2"		}
,
		{
			"mesh": 97
			,"name": "Flat Sealing Washer-3 - Part 3"		}
,
		{
			"children": [
				180, 181, 182
			]
			,"matrix": [
				1,					-5.840377E-34,					5.840377E-34,					0,
				5.840377E-34,					0,					-1,					0,
				5.840377E-34,					1,					0,					0,
				0.244475,					0.22431,					0.4441698,					1
			]
			,"name": "Flat Sealing Washer-4"		}
,
		{
			"mesh": 98
			,"name": "Flat Sealing Washer-4 - Part"		}
,
		{
			"mesh": 99
			,"name": "Flat Sealing Washer-4 - Part 2"		}
,
		{
			"mesh": 100
			,"name": "Flat Sealing Washer-4 - Part 3"		}
,
		{
			"children": [
				184, 188, 192, 194, 196, 198, 200, 202, 204, 206, 208
			]
			,"matrix": [
				-0.7041667,					-0.590866,					-0.3937341,					0,
				-0.6427876,					0.7660444,					8.600575E-15,					0,
				0.3016178,					0.2530874,					-0.9192244,					0,
				0.5228458,					0.7492936,					0.2256028,					1
			]
			,"name": "Latch - Wing - Padlockable-1"		}
,
		{
			"children": [
				185, 186
			]
			,"name": "24168502-1-surface1"		}
,
		{
			"mesh": 101
			,"name": "24168502-1-surface1 - Part"		}
,
		{
			"children": [
				187
			]
			,"mesh": 102
			,"name": "24168502-1-surface1 - Part 2"		}
,
		{
			"mesh": 103
			,"name": "24168502-1-surface1 - Part 2_clonedChild"		}
,
		{
			"children": [
				189, 190
			]
			,"name": "24168501-1-surface1"		}
,
		{
			"mesh": 104
			,"name": "24168501-1-surface1 - Part"		}
,
		{
			"children": [
				191
			]
			,"mesh": 105
			,"name": "24168501-1-surface1 - Part 2"		}
,
		{
			"mesh": 106
			,"name": "24168501-1-surface1 - Part 2_clonedChild"		}
,
		{
			"children": [
				193
			]
			,"name": "24168501-1-surface2"		}
,
		{
			"mesh": 107
			,"name": "24168501-1-surface2 - Part"		}
,
		{
			"children": [
				195
			]
			,"name": "24168501-1-surface3"		}
,
		{
			"mesh": 108
			,"name": "24168501-1-surface3 - Part"		}
,
		{
			"children": [
				197
			]
			,"name": "24168501-1-surface4"		}
,
		{
			"mesh": 109
			,"name": "24168501-1-surface4 - Part"		}
,
		{
			"children": [
				199
			]
			,"name": "21130102-1-surface1"		}
,
		{
			"mesh": 110
			,"name": "21130102-1-surface1 - Part"		}
,
		{
			"children": [
				201
			]
			,"name": "012103-1-surface1"		}
,
		{
			"mesh": 111
			,"name": "012103-1-surface1 - Part"		}
,
		{
			"children": [
				203
			]
			,"name": "012103-1-surface2"		}
,
		{
			"mesh": 112
			,"name": "012103-1-surface2 - Part"		}
,
		{
			"children": [
				205
			]
			,"name": "042172-1-surface1"		}
,
		{
			"mesh": 113
			,"name": "042172-1-surface1 - Part"		}
,
		{
			"children": [
				207
			]
			,"name": "297001-1-surface1"		}
,
		{
			"mesh": 114
			,"name": "297001-1-surface1 - Part"		}
,
		{
			"children": [
				209
			]
			,"name": "297002-1-surface1"		}
,
		{
			"mesh": 115
			,"name": "297002-1-surface1 - Part"		}
,
		{
			"children": [
				211
			]
			,"matrix": [
				1,					0,					0,					0,
				0,					1,					0,					0,
				0,					0,					1,					0,
				-0.3413252,					-5.551115E-17,					0.225425,					1
			]
			,"name": "0000-5203-1"		}
,
		{
			"mesh": 116
			,"name": "0000-5203-1 - Part"		}
,
		{
			"children": [
				213
			]
			,"matrix": [
				-7.845407E-18,					0.009153981,					0.9999581,					0,
				-8.426559E-17,					0.9999581,					-0.009153981,					0,
				-1,					-8.433388E-17,					-7.073713E-18,					0,
				-0.231775,					-0.03174867,					0.2257156,					1
			]
			,"name": "0000-5207-1"		}
,
		{
			"mesh": 117
			,"name": "0000-5207-1 - Part"		}
,
		{
			"children": [
				215
			]
			,"matrix": [
				1,					0,					0,					0,
				0,					1,					0,					0,
				0,					0,					1,					0,
				0.0005578835,					-0.2518546,					0.4779985,					1
			]
			,"name": "ENR231818 - Gasket-1"		}
,
		{
			"children": [
				216
			]
			,"mesh": 118
			,"name": "ENR231818 - Gasket-1 - Part"		}
,
		{
			"mesh": 119
			,"name": "ENR231818 - Gasket-1 - Part_clonedChild"		}
,
		{
			"children": [
				218, 219
			]
			,"matrix": [
				0.9848077,					-2.082603E-16,					-0.1736482,					0,
				1.954569E-16,					1,					-9.083184E-17,					0,
				0.1736482,					5.551115E-17,					0.9848077,					0,
				-0.284162,					0.2143063,					0.4644304,					1
			]
			,"name": "ID Label - Weatherproof-1"		}
,
		{
			"mesh": 120
			,"name": "ID Label - Weatherproof-1 - Part"		}
,
		{
			"children": [
				220
			]
			,"mesh": 121
			,"name": "ID Label - Weatherproof-1 - Part 2"		}
,
		{
			"mesh": 122
			,"name": "ID Label - Weatherproof-1 - Part 2_clonedChild"		}
,
		{
			"children": [
				222, 224
			]
			,"name": "LATCH COMPONENTS-2"		}
,
		{
			"children": [
				223
			]
			,"matrix": [
				-0.004432021,					-0.9999899,					0.0007814848,					0,
				0.9847978,					-0.004500391,					-0.1736464,					0,
				0.1736482,					7.773895E-16,					0.9848077,					0,
				-0.5553851,					0.2079065,					0.5309667,					1
			]
			,"name": "1-PT Cam-4"		}
,
		{
			"mesh": 123
			,"name": "1-PT Cam-4 - Part"		}
,
		{
			"children": [
				225
			]
			,"matrix": [
				-0.01789096,					0.999835,					0.003154658,					0,
				-0.9846452,					-0.01816695,					0.1736195,					0,
				0.1736482,					-1.301766E-17,					0.9848077,					0,
				-0.5552855,					-0.2080178,					0.5309491,					1
			]
			,"name": "1-PT Cam-5"		}
,
		{
			"mesh": 124
			,"name": "1-PT Cam-5 - Part"		}
,
		{
			"children": [
				227, 230
			]
			,"name": "Hinge - Lift Off - Dirak 224-9001-1"		}
,
		{
			"children": [
				228
			]
			,"matrix": [
				1,					0,					0,					0,
				0,					1,					0,					0,
				0,					0,					1,					0,
				-0.2103437,					-0.1843062,					0.454025,					1
			]
			,"name": "0000-5188A-1"		}
,
		{
			"children": [
				229
			]
			,"mesh": 125
			,"name": "0000-5188A-1 - Part"		}
,
		{
			"mesh": 126
			,"name": "0000-5188A-1 - Part_clonedChild"		}
,
		{
			"children": [
				231
			]
			,"matrix": [
				-0.1736482,					-1.181103E-15,					-0.9848077,					0,
				-1.479114E-31,					1,					-1.199323E-15,					0,
				0.9848077,					-2.082603E-16,					-0.1736482,					0,
				-0.2192146,					-0.1843062,					0.4670833,					1
			]
			,"name": "0000-5188B-1"		}
,
		{
			"children": [
				232
			]
			,"mesh": 127
			,"name": "0000-5188B-1 - Part"		}
,
		{
			"mesh": 128
			,"name": "0000-5188B-1 - Part_clonedChild"		}
,
		{
			"children": [
				234, 237
			]
			,"name": "Hinge - Lift Off - Dirak 224-9001-2"		}
,
		{
			"children": [
				235
			]
			,"matrix": [
				1,					0,					0,					0,
				0,					1,					0,					0,
				0,					0,					1,					0,
				-0.2103437,					0.1758938,					0.454025,					1
			]
			,"name": "0000-5188A-1 2"		}
,
		{
			"children": [
				236
			]
			,"mesh": 129
			,"name": "0000-5188A-1 2 - Part"		}
,
		{
			"mesh": 130
			,"name": "0000-5188A-1 2 - Part_clonedChild"		}
,
		{
			"children": [
				238
			]
			,"matrix": [
				-0.1736482,					-1.789392E-17,					-0.9848077,					0,
				1.699749E-29,					1,					-1.816996E-17,					0,
				0.9848077,					-3.155181E-18,					-0.1736482,					0,
				-0.2192146,					0.1758938,					0.4670833,					1
			]
			,"name": "0000-5188B-1 2"		}
,
		{
			"children": [
				239
			]
			,"mesh": 131
			,"name": "0000-5188B-1 2 - Part"		}
,
		{
			"mesh": 132
			,"name": "0000-5188B-1 2 - Part_clonedChild"		}
,
		{
			"children": [
				241, 245, 249, 251, 253, 255, 257, 259, 261, 263, 265
			]
			,"matrix": [
				0.9847978,					-0.004500391,					-0.1736464,					0,
				-0.1736482,					-4.145874E-16,					-0.9848077,					0,
				0.004432021,					0.9999899,					-0.0007814848,					0,
				-0.5591558,					0.2079563,					0.5092922,					1
			]
			,"name": "Latch - Wing - Padlockable-1 2"		}
,
		{
			"children": [
				242, 243
			]
			,"name": "24168502-1-surface1 2"		}
,
		{
			"mesh": 133
			,"name": "24168502-1-surface1 2 - Part"		}
,
		{
			"children": [
				244
			]
			,"mesh": 134
			,"name": "24168502-1-surface1 2 - Part 2"		}
,
		{
			"mesh": 135
			,"name": "24168502-1-surface1 2 - Part 2_clonedChild"		}
,
		{
			"children": [
				246, 247
			]
			,"name": "24168501-1-surface1 2"		}
,
		{
			"mesh": 136
			,"name": "24168501-1-surface1 2 - Part"		}
,
		{
			"children": [
				248
			]
			,"mesh": 137
			,"name": "24168501-1-surface1 2 - Part 2"		}
,
		{
			"mesh": 138
			,"name": "24168501-1-surface1 2 - Part 2_clonedChild"		}
,
		{
			"children": [
				250
			]
			,"name": "24168501-1-surface2 2"		}
,
		{
			"mesh": 139
			,"name": "24168501-1-surface2 2 - Part"		}
,
		{
			"children": [
				252
			]
			,"name": "24168501-1-surface3 2"		}
,
		{
			"mesh": 140
			,"name": "24168501-1-surface3 2 - Part"		}
,
		{
			"children": [
				254
			]
			,"name": "24168501-1-surface4 2"		}
,
		{
			"mesh": 141
			,"name": "24168501-1-surface4 2 - Part"		}
,
		{
			"children": [
				256
			]
			,"name": "21130102-1-surface1 2"		}
,
		{
			"mesh": 142
			,"name": "21130102-1-surface1 2 - Part"		}
,
		{
			"children": [
				258
			]
			,"name": "012103-1-surface1 2"		}
,
		{
			"mesh": 143
			,"name": "012103-1-surface1 2 - Part"		}
,
		{
			"children": [
				260
			]
			,"name": "012103-1-surface2 2"		}
,
		{
			"mesh": 144
			,"name": "012103-1-surface2 2 - Part"		}
,
		{
			"children": [
				262
			]
			,"name": "042172-1-surface1 2"		}
,
		{
			"mesh": 145
			,"name": "042172-1-surface1 2 - Part"		}
,
		{
			"children": [
				264
			]
			,"name": "297001-1-surface1 2"		}
,
		{
			"mesh": 146
			,"name": "297001-1-surface1 2 - Part"		}
,
		{
			"children": [
				266
			]
			,"name": "297002-1-surface1 2"		}
,
		{
			"mesh": 147
			,"name": "297002-1-surface1 2 - Part"		}
,
		{
			"children": [
				268, 272, 276, 278, 280, 282, 284, 286, 288, 290, 292
			]
			,"matrix": [
				0.9846452,					0.01816695,					-0.1736195,					0,
				-0.1736482,					-3.889788E-16,					-0.9848077,					0,
				-0.01789096,					0.999835,					0.003154658,					0,
				-0.5591558,					-0.2079688,					0.5092922,					1
			]
			,"name": "Latch - Wing - Padlockable-2"		}
,
		{
			"children": [
				269, 270
			]
			,"name": "24168502-1-surface1 3"		}
,
		{
			"mesh": 148
			,"name": "24168502-1-surface1 3 - Part"		}
,
		{
			"children": [
				271
			]
			,"mesh": 149
			,"name": "24168502-1-surface1 3 - Part 2"		}
,
		{
			"mesh": 150
			,"name": "24168502-1-surface1 3 - Part 2_clonedChild"		}
,
		{
			"children": [
				273, 274
			]
			,"name": "24168501-1-surface1 3"		}
,
		{
			"mesh": 151
			,"name": "24168501-1-surface1 3 - Part"		}
,
		{
			"children": [
				275
			]
			,"mesh": 152
			,"name": "24168501-1-surface1 3 - Part 2"		}
,
		{
			"mesh": 153
			,"name": "24168501-1-surface1 3 - Part 2_clonedChild"		}
,
		{
			"children": [
				277
			]
			,"name": "24168501-1-surface2 3"		}
,
		{
			"mesh": 154
			,"name": "24168501-1-surface2 3 - Part"		}
,
		{
			"children": [
				279
			]
			,"name": "24168501-1-surface3 3"		}
,
		{
			"mesh": 155
			,"name": "24168501-1-surface3 3 - Part"		}
,
		{
			"children": [
				281
			]
			,"name": "24168501-1-surface4 3"		}
,
		{
			"mesh": 156
			,"name": "24168501-1-surface4 3 - Part"		}
,
		{
			"children": [
				283
			]
			,"name": "21130102-1-surface1 3"		}
,
		{
			"mesh": 157
			,"name": "21130102-1-surface1 3 - Part"		}
,
		{
			"children": [
				285
			]
			,"name": "012103-1-surface1 3"		}
,
		{
			"mesh": 158
			,"name": "012103-1-surface1 3 - Part"		}
,
		{
			"children": [
				287
			]
			,"name": "012103-1-surface2 3"		}
,
		{
			"mesh": 159
			,"name": "012103-1-surface2 3 - Part"		}
,
		{
			"children": [
				289
			]
			,"name": "042172-1-surface1 3"		}
,
		{
			"mesh": 160
			,"name": "042172-1-surface1 3 - Part"		}
,
		{
			"children": [
				291
			]
			,"name": "297001-1-surface1 3"		}
,
		{
			"mesh": 161
			,"name": "297001-1-surface1 3 - Part"		}
,
		{
			"children": [
				293
			]
			,"name": "297002-1-surface1 3"		}
,
		{
			"mesh": 162
			,"name": "297002-1-surface1 3 - Part"		}
,
		{
			"children": [
				295, 297, 299, 301, 303, 305, 307, 309
			]
			,"name": "FASTENERS-2 2"		}
,
		{
			"children": [
				296
			]
			,"matrix": [
				1.719268E-16,					-0.9978366,					0.06574214,					0,
				1,					1.731992E-16,					1.365547E-17,					0,
				-2.501242E-17,					0.06574214,					0.9978366,					0,
				-0.3413252,					-0.1905,					0.415925,					1
