{
	"asset": {
		"generator": "VISUALIZEGLTF",
		"version" : "2.0"
	},
	"extensionsUsed": [ "KHR_draco_mesh_compression","KHR_texture_transform" ],
	"extensionsRequired": [ "KHR_draco_mesh_compression" ],
	"scenes": [
		{
			"name": "Default",
			"nodes": [
				0]
		}
	],
	"nodes": [
		{
			"children": [
				1, 476, 477, 478, 479
			]
			,"name": "Root"		}
,
		{
			"children": [
				2, 4, 6, 8, 10, 12, 14, 16, 18, 20, 22, 24, 26, 28, 30, 32, 34, 36, 38, 40, 42, 44, 46, 48, 50, 52, 54, 56, 58, 60, 62, 64, 66, 68, 70, 72, 74, 76, 78, 80, 93, 106, 119, 132, 134, 289, 291, 293, 295, 297, 299, 301, 303, 305, 307, 309, 311, 313, 315, 317, 408, 467
			]
			,"matrix": [
				1,					0,					0,					0,
				0,					1,					0,					0,
				0,					0,					1,					0,
				0,					1.061385,					0,					1
			]
			,"name": "0000-6459 (Default)"		}
,
		{
			"children": [
				3
			]
			,"name": "0000-6582-1"		}
,
		{
			"mesh": 0
			,"name": "0000-6582-1 - Part"		}
,
		{
			"children": [
				5
			]
			,"matrix": [
				1,					0,					0,					0,
				0,					1,					0,					0,
				0,					0,					1,					0,
				-2.08915,					7.549517E-15,					1.001476E-15,					1
			]
			,"name": "0000-6582-2"		}
,
		{
			"mesh": 1
			,"name": "0000-6582-2 - Part"		}
,
		{
			"children": [
				7
			]
			,"matrix": [
				1,					0,					0,					0,
				0,					1,					0,					0,
				0,					0,					1,					0,
				-1.044575,					-0.508,					-1.297687E-16,					1
			]
			,"name": "0000-6583-1"		}
,
		{
			"mesh": 2
			,"name": "0000-6583-1 - Part"		}
,
		{
			"children": [
				9
			]
			,"matrix": [
				1,					0,					0,					0,
				0,					1,					0,					0,
				0,					0,					1,					0,
				-1.044575,					0.0508,					-2.63678E-16,					1
			]
			,"name": "0000-6583-2"		}
,
		{
			"mesh": 3
			,"name": "0000-6583-2 - Part"		}
,
		{
			"children": [
				11
			]
			,"matrix": [
				1,					0,					0,					0,
				0,					1,					0,					0,
				0,					0,					1,					0,
				-2.05105,					-0.4699,					1.566717E-16,					1
			]
			,"name": "0000-6586-17"		}
,
		{
			"mesh": 4
			,"name": "0000-6586-17 - Part"		}
,
		{
			"children": [
				13
			]
			,"matrix": [
				1,					0,					0,					0,
				0,					1,					0,					0,
				0,					0,					1,					0,
				4.857226E-17,					0.9652,					-1.838807E-16,					1
			]
			,"name": "0000-6585-1"		}
,
		{
			"mesh": 5
			,"name": "0000-6585-1 - Part"		}
,
		{
			"children": [
				15
			]
			,"matrix": [
				1,					0,					0,					0,
				0,					1,					0,					0,
				0,					0,					1,					0,
				-2.08915,					0.9652,					-1.665335E-16,					1
			]
			,"name": "0000-6585-2"		}
,
		{
			"mesh": 6
			,"name": "0000-6585-2 - Part"		}
,
		{
			"children": [
				17
			]
			,"matrix": [
				1,					0,					0,					0,
				0,					1,					0,					0,
				0,					0,					1,					0,
				-1.044575,					0.5842,					0.073025,					1
			]
			,"name": "0000-6597-1"		}
,
		{
			"mesh": 7
			,"name": "0000-6597-1 - Part"		}
,
		{
			"children": [
				19
			]
			,"matrix": [
				1,					0,					0,					0,
				0,					1,					0,					0,
				0,					0,					1,					0,
				-1.044575,					0.9652,					0.6334125,					1
			]
			,"name": "0000-6592-1"		}
,
		{
			"mesh": 8
			,"name": "0000-6592-1 - Part"		}
,
		{
			"children": [
				21
			]
			,"matrix": [
				1,					2.230236E-16,					0,					0,
				2.320274E-16,					-1,					-3.399883E-15,					0,
				1.387779E-17,					3.531227E-15,					-1,					0,
				-1.044575,					0.9652,					-0.6334125,					1
			]
			,"name": "0000-6592-2"		}
,
		{
			"mesh": 9
			,"name": "0000-6592-2 - Part"		}
,
		{
			"children": [
				23
			]
			,"matrix": [
				1,					0,					0,					0,
				0,					1,					0,					0,
				0,					0,					1,					0,
				0.0254,					0.9906,					6.499966E-14,					1
			]
			,"name": "0000-6593-1"		}
,
		{
			"mesh": 10
			,"name": "0000-6593-1 - Part"		}
,
		{
			"children": [
				25
			]
			,"matrix": [
				-1,					-3.696772E-15,					0,					0,
				-3.696772E-15,					1,					7.340853E-17,					0,
				-2.713746E-31,					7.340853E-17,					-1,					0,
				-2.11455,					0.9906,					-5.882588E-14,					1
			]
			,"name": "0000-6593-2"		}
,
		{
			"mesh": 11
			,"name": "0000-6593-2 - Part"		}
,
		{
			"children": [
				27
			]
			,"matrix": [
				1,					0,					0,					0,
				0,					1,					0,					0,
				0,					0,					1,					0,
				-0.67945,					0.9906,					1.070206E-13,					1
			]
			,"name": "0000-6593-3"		}
,
		{
			"mesh": 12
			,"name": "0000-6593-3 - Part"		}
,
		{
			"children": [
				29
			]
			,"matrix": [
				-1,					-3.747207E-15,					6.382395E-14,					0,
				-3.747207E-15,					1,					-4.502545E-17,					0,
				-6.382395E-14,					-4.502545E-17,					-1,					0,
				-1.4097,					0.9906,					8.99304E-14,					1
			]
			,"name": "0000-6593-4"		}
,
		{
			"mesh": 13
			,"name": "0000-6593-4 - Part"		}
,
		{
			"children": [
				31
			]
			,"matrix": [
				-4.492934E-16,					-5.551115E-17,					-1,					0,
				-8.673617E-18,					1,					-1.110223E-16,					0,
				1,					0,					-4.727121E-16,					0,
				-1.044575,					-0.9906,					0.473075,					1
			]
			,"name": "0000-6587-1"		}
,
		{
			"mesh": 14
			,"name": "0000-6587-1 - Part"		}
,
		{
			"children": [
				33
			]
			,"matrix": [
				1,					0,					0,					0,
				0,					1,					0,					0,
				0,					0,					1,					0,
				-2.06375,					-0.9906,					1.260315E-14,					1
			]
			,"name": "0000-6588-3"		}
,
		{
			"mesh": 15
			,"name": "0000-6588-3 - Part"		}
,
		{
			"children": [
				35
			]
			,"matrix": [
				4.838836E-16,					1.665335E-16,					1,					0,
				-9.433041E-17,					1,					-1.665335E-16,					0,
				-1,					-9.433041E-17,					4.838836E-16,					0,
				-1.044575,					-0.9906,					-0.473075,					1
			]
			,"name": "0000-6587-4"		}
,
		{
			"mesh": 16
			,"name": "0000-6587-4 - Part"		}
,
		{
			"children": [
				37
			]
			,"matrix": [
				-1,					-2.584607E-16,					3.781697E-16,					0,
				-2.584607E-16,					1,					-3.516013E-16,					0,
				-3.781697E-16,					-3.516013E-16,					-1,					0,
				-0.0254,					-0.9906,					7.807156E-16,					1
			]
			,"name": "0000-6588-4"		}
,
		{
			"mesh": 17
			,"name": "0000-6588-4 - Part"		}
,
		{
			"children": [
				39
			]
			,"matrix": [
				1,					0,					0,					0,
				0,					1,					0,					0,
				0,					0,					1,					0,
				-3.266658E-14,					-0.9652,					5.053827E-16,					1
			]
			,"name": "0000-6584-1"		}
,
		{
			"mesh": 18
			,"name": "0000-6584-1 - Part"		}
,
		{
			"children": [
				41
			]
			,"matrix": [
				1,					0,					0,					0,
				0,					1,					0,					0,
				0,					0,					1,					0,
				-2.08915,					-0.9652,					1.003026E-15,					1
			]
			,"name": "0000-6584-2"		}
,
		{
			"mesh": 19
			,"name": "0000-6584-2 - Part"		}
,
		{
			"children": [
				43
			]
			,"matrix": [
				1.249001E-16,					-0.7071068,					-0.7071068,					0,
				-1,					-2.682089E-16,					6.938894E-17,					0,
				-2.428613E-16,					0.7071068,					-0.7071068,					0,
				0.0254,					-0.8679579,					0.122642,					1
			]
			,"name": "0000-6589-7"		}
,
		{
			"mesh": 20
			,"name": "0000-6589-7 - Part"		}
,
		{
			"children": [
				45
			]
			,"matrix": [
				-1.370432E-16,					-0.7071068,					0.7071068,					0,
				-1,					-1.685085E-16,					-3.623168E-16,					0,
				3.753502E-16,					-0.7071068,					-0.7071068,					0,
				0.0254,					-0.8679579,					-0.122642,					1
			]
			,"name": "0000-6589-8"		}
,
		{
			"mesh": 21
			,"name": "0000-6589-8 - Part"		}
,
		{
			"children": [
				47
			]
			,"matrix": [
				2.775558E-16,					0.7071068,					0.7071068,					0,
				-1,					1.424574E-16,					2.500658E-16,					0,
				7.609062E-17,					-0.7071068,					0.7071068,					0,
				0.0254,					0.8679579,					-0.122642,					1
			]
			,"name": "0000-6589-9"		}
,
		{
			"mesh": 22
			,"name": "0000-6589-9 - Part"		}
,
		{
			"children": [
				49
			]
			,"matrix": [
				1.665335E-16,					0.7071068,					-0.7071068,					0,
				-1,					3.077977E-16,					8.326673E-17,					0,
				2.775558E-16,					0.7071068,					0.7071068,					0,
				0.0254,					0.8679579,					0.122642,					1
			]
			,"name": "0000-6589-10"		}
,
		{
			"mesh": 23
			,"name": "0000-6589-10 - Part"		}
,
		{
			"children": [
				51
			]
			,"matrix": [
				-1.966805E-16,					-0.7071068,					0.7071068,					0,
				1,					2.220446E-16,					5.584936E-16,					0,
				-5.57503E-16,					0.7071068,					0.7071068,					0,
				-2.11455,					-0.8679579,					-0.122642,					1
			]
			,"name": "0000-6589-11"		}
,
		{
			"mesh": 24
			,"name": "0000-6589-11 - Part"		}
,
		{
			"children": [
				53
			]
			,"matrix": [
				-1.387779E-16,					-0.7071068,					-0.7071068,					0,
				1,					1.682728E-16,					-3.053113E-16,					0,
				4.440892E-16,					-0.7071068,					0.7071068,					0,
				-2.11455,					-0.8679579,					0.122642,					1
			]
			,"name": "0000-6589-12"		}
,
		{
			"mesh": 25
			,"name": "0000-6589-12 - Part"		}
,
		{
			"children": [
				55
			]
			,"matrix": [
				-2.440777E-16,					0.7071068,					-0.7071068,					0,
				1,					-2.938868E-16,					-6.390649E-16,					0,
				-6.596964E-16,					-0.7071068,					-0.7071068,					0,
				-2.11455,					0.8679579,					0.122642,					1
			]
			,"name": "0000-6589-13"		}
,
		{
			"mesh": 26
			,"name": "0000-6589-13 - Part"		}
,
		{
			"children": [
				57
			]
			,"matrix": [
				-1.743551E-16,					0.7071068,					0.7071068,					0,
				1,					-2.63678E-16,					6.853248E-16,					0,
				5.906887E-16,					0.7071068,					-0.7071068,					0,
				-2.11455,					0.8679579,					-0.122642,					1
			]
			,"name": "0000-6589-14"		}
,
		{
			"mesh": 27
			,"name": "0000-6589-14 - Part"		}
,
		{
			"children": [
				59
			]
			,"matrix": [
				1.598914E-16,					-1.290871E-17,					1,					0,
				-2.862576E-32,					1,					1.290871E-17,					0,
				-1,					-3.068975E-32,					1.598914E-16,					0,
				-3.901839E-14,					-0.9906,					0.422275,					1
			]
			,"name": "0000-6590-1"		}
,
		{
			"mesh": 28
			,"name": "0000-6590-1 - Part"		}
,
		{
			"children": [
				61
			]
			,"matrix": [
				-2.220446E-16,					7.549645E-32,					-1,					0,
				4.163336E-17,					1,					5.551115E-17,					0,
				1,					1.387779E-17,					2.46519E-32,					0,
				-2.573536E-14,					-0.9906,					-0.422275,					1
			]
			,"name": "0000-6590-2"		}
,
		{
			"mesh": 29
			,"name": "0000-6590-2 - Part"		}
,
		{
			"children": [
				63
			]
			,"matrix": [
				1,					0,					0,					0,
				0,					1,					0,					0,
				0,					0,					1,					0,
				-1.98755,					-0.97155,					-7.733704E-17,					1
			]
			,"name": "0000-6594-5"		}
,
		{
			"mesh": 30
			,"name": "0000-6594-5 - Part"		}
,
		{
			"children": [
				65
			]
			,"matrix": [
				1.598914E-16,					-1.290871E-17,					1,					0,
				-2.862576E-32,					1,					1.290871E-17,					0,
				-1,					-3.068975E-32,					1.598914E-16,					0,
				-2.08915,					-0.9906,					0.422275,					1
			]
			,"name": "0000-6590-3"		}
,
		{
			"mesh": 31
			,"name": "0000-6590-3 - Part"		}
,
		{
			"children": [
				67
			]
			,"matrix": [
				-2.220446E-16,					7.549645E-32,					-1,					0,
				4.163336E-17,					1,					5.551115E-17,					0,
				1,					1.387779E-17,					2.46519E-32,					0,
				-2.08915,					-0.9906,					-0.422275,					1
			]
			,"name": "0000-6590-4"		}
,
		{
			"mesh": 32
			,"name": "0000-6590-4 - Part"		}
,
		{
			"children": [
				69
			]
			,"matrix": [
				1,					2.22514E-16,					2.775558E-17,					0,
				-1.387779E-17,					1.3821E-17,					-1,					0,
				-2.070826E-16,					1,					0,					0,
				-1.044575,					0.9906,					-6.288125E-18,					1
			]
			,"name": "0000-6592-5"		}
,
		{
			"mesh": 33
			,"name": "0000-6592-5 - Part"		}
,
		{
			"children": [
				71
			]
			,"matrix": [
				1,					0,					0,					0,
				0,					1,					0,					0,
				0,					0,					1,					0,
				-2.05105,					-0.4699,					0.2206625,					1
			]
			,"name": "1-0 Sq End Cap-1"		}
,
		{
			"mesh": 34
			,"name": "1-0 Sq End Cap-1 - Part"		}
,
		{
			"children": [
				73
			]
			,"matrix": [
				-1,					1.804112E-16,					-1.232595E-32,					0,
				1.804112E-16,					1,					-5.551115E-17,					0,
				-2.969863E-18,					1.399865E-18,					-1,					0,
				-2.05105,					-0.4699,					-0.2206625,					1
			]
			,"name": "1-0 Sq End Cap-33"		}
,
		{
			"mesh": 35
			,"name": "1-0 Sq End Cap-33 - Part"		}
,
		{
			"children": [
				75
			]
			,"matrix": [
				1,					-9.594504E-15,					6.709132E-14,					0,
				9.556931E-15,					0.9999999,					0.000533797,					0,
				-6.704676E-14,					-0.000533797,					0.9999999,					0,
				-1.044575,					1.076978,					-2.357854E-05,					1
			]
			,"name": "0000-6596-1"		}
,
		{
			"mesh": 36
			,"name": "0000-6596-1 - Part"		}
,
		{
			"children": [
				77
			]
			,"matrix": [
				1,					3.476486E-15,					6.600408E-16,					0,
				-3.476188E-15,					0.9999999,					-0.0004508481,					0,
				-6.616082E-16,					0.0004508481,					0.9999999,					0,
				-1.044575,					1.072864,					0.003174974,					1
			]
			,"name": "0000-6595-1"		}
,
		{
			"mesh": 37
			,"name": "0000-6595-1 - Part"		}
,
		{
			"children": [
				79
			]
			,"matrix": [
				-1,					-3.400352E-15,					3.939875E-16,					0,
				-3.397789E-15,					0.9999999,					0.0004508481,					0,
				-4.24057E-16,					0.0004508481,					-0.9999999,					0,
				-1.044575,					1.072864,					-0.003174974,					1
			]
			,"name": "0000-6595-2"		}
,
		{
			"mesh": 38
			,"name": "0000-6595-2 - Part"		}
,
		{
			"children": [
				81, 83, 85, 87, 89, 91
			]
			,"name": "0000-6591-5"		}
,
		{
			"children": [
				82
			]
			,"matrix": [
				1,					0,					0,					0,
				0,					1,					0,					0,
				0,					0,					1,					0,
				-1.5494,					-0.937133,					0.4630658,					1
			]
			,"name": "0000-6591A-1"		}
,
		{
			"mesh": 39
			,"name": "0000-6591A-1 - Part"		}
,
		{
			"children": [
				84
			]
			,"matrix": [
				1,					0,					0,					0,
				0,					1,					0,					0,
				0,					0,					1,					0,
				-1.095375,					-0.987933,					0.4769374,					1
			]
			,"name": "0000-6591B-1"		}
,
		{
			"mesh": 40
			,"name": "0000-6591B-1 - Part"		}
,
		{
			"children": [
				86
			]
			,"matrix": [
				1,					0,					0,					0,
				0,					1,					0,					0,
				0,					0,					1,					0,
				-1.321594,					-0.987933,					0.4769374,					1
			]
			,"name": "0000-6591B-2"		}
,
		{
			"mesh": 41
			,"name": "0000-6591B-2 - Part"		}
,
		{
			"children": [
				88
			]
			,"matrix": [
				1,					0,					0,					0,
				0,					1,					0,					0,
				0,					0,					1,					0,
				-1.777206,					-0.987933,					0.4769374,					1
			]
			,"name": "0000-6591B-3"		}
,
		{
			"mesh": 42
			,"name": "0000-6591B-3 - Part"		}
,
		{
			"children": [
				90
			]
			,"matrix": [
				1,					0,					0,					0,
				0,					1,					0,					0,
				0,					0,					1,					0,
				-2.003425,					-0.987933,					0.4769374,					1
			]
			,"name": "0000-6591B-4"		}
,
		{
			"mesh": 43
			,"name": "0000-6591B-4 - Part"		}
,
		{
			"children": [
				92
			]
			,"matrix": [
				1,					0,					0,					0,
				0,					1,					0,					0,
				0,					0,					1,					0,
				-1.5494,					-0.987933,					0.4769374,					1
			]
			,"name": "0000-6591B-5"		}
,
		{
			"mesh": 44
			,"name": "0000-6591B-5 - Part"		}
,
		{
			"children": [
				94, 96, 98, 100, 102, 104
			]
			,"name": "0000-6591-6"		}
,
		{
			"children": [
				95
			]
			,"matrix": [
				-1,					-5.551115E-17,					4.279704E-16,					0,
				-1.110223E-16,					1,					-4.406878E-17,					0,
				-4.279704E-16,					-4.406878E-17,					-1,					0,
				-1.5494,					-0.937133,					-0.4630658,					1
			]
			,"name": "0000-6591A-1 2"		}
,
		{
			"mesh": 45
			,"name": "0000-6591A-1 2 - Part"		}
,
		{
			"children": [
				97
			]
			,"matrix": [
				-1,					-5.551115E-17,					4.279704E-16,					0,
				-1.110223E-16,					1,					-4.406878E-17,					0,
				-4.279704E-16,					-4.406878E-17,					-1,					0,
				-2.003425,					-0.987933,					-0.4769374,					1
			]
			,"name": "0000-6591B-1 2"		}
,
		{
			"mesh": 46
			,"name": "0000-6591B-1 2 - Part"		}
,
		{
			"children": [
				99
			]
			,"matrix": [
				-1,					-5.551115E-17,					4.279704E-16,					0,
				-1.110223E-16,					1,					-4.406878E-17,					0,
				-4.279704E-16,					-4.406878E-17,					-1,					0,
				-1.777206,					-0.987933,					-0.4769374,					1
			]
			,"name": "0000-6591B-2 2"		}
,
		{
			"mesh": 47
			,"name": "0000-6591B-2 2 - Part"		}
,
		{
			"children": [
				101
			]
			,"matrix": [
				-1,					-5.551115E-17,					4.279704E-16,					0,
				-1.110223E-16,					1,					-4.406878E-17,					0,
				-4.279704E-16,					-4.406878E-17,					-1,					0,
				-1.321594,					-0.987933,					-0.4769374,					1
			]
			,"name": "0000-6591B-3 2"		}
,
		{
			"mesh": 48
			,"name": "0000-6591B-3 2 - Part"		}
,
		{
			"children": [
				103
			]
			,"matrix": [
				-1,					-5.551115E-17,					4.279704E-16,					0,
				-1.110223E-16,					1,					-4.406878E-17,					0,
				-4.279704E-16,					-4.406878E-17,					-1,					0,
				-1.095375,					-0.987933,					-0.4769374,					1
			]
			,"name": "0000-6591B-4 2"		}
,
		{
			"mesh": 49
			,"name": "0000-6591B-4 2 - Part"		}
,
		{
			"children": [
				105
			]
			,"matrix": [
				-1,					-5.551115E-17,					4.279704E-16,					0,
				-1.110223E-16,					1,					-4.406878E-17,					0,
				-4.279704E-16,					-4.406878E-17,					-1,					0,
				-1.5494,					-0.987933,					-0.4769374,					1
			]
			,"name": "0000-6591B-5 2"		}
,
		{
			"mesh": 50
			,"name": "0000-6591B-5 2 - Part"		}
,
		{
			"children": [
				107, 109, 111, 113, 115, 117
			]
			,"name": "0000-6591-7"		}
,
		{
			"children": [
				108
			]
			,"matrix": [
				-1,					-5.551115E-17,					4.279704E-16,					0,
				-1.110223E-16,					1,					-4.406878E-17,					0,
				-4.279704E-16,					-4.406878E-17,					-1,					0,
				-0.53975,					-0.937133,					-0.4630658,					1
			]
			,"name": "0000-6591A-1 3"		}
,
		{
			"mesh": 51
			,"name": "0000-6591A-1 3 - Part"		}
,
		{
			"children": [
				110
			]
			,"matrix": [
				-1,					-5.551115E-17,					4.279704E-16,					0,
				-1.110223E-16,					1,					-4.406878E-17,					0,
				-4.279704E-16,					-4.406878E-17,					-1,					0,
				-0.993775,					-0.987933,					-0.4769374,					1
			]
			,"name": "0000-6591B-1 3"		}
,
		{
			"mesh": 52
			,"name": "0000-6591B-1 3 - Part"		}
,
		{
			"children": [
				112
			]
			,"matrix": [
				-1,					-5.551115E-17,					4.279704E-16,					0,
				-1.110223E-16,					1,					-4.406878E-17,					0,
				-4.279704E-16,					-4.406878E-17,					-1,					0,
				-0.7675563,					-0.987933,					-0.4769374,					1
			]
			,"name": "0000-6591B-2 3"		}
,
		{
			"mesh": 53
			,"name": "0000-6591B-2 3 - Part"		}
,
		{
			"children": [
				114
			]
			,"matrix": [
				-1,					-5.551115E-17,					4.279704E-16,					0,
				-1.110223E-16,					1,					-4.406878E-17,					0,
				-4.279704E-16,					-4.406878E-17,					-1,					0,
				-0.3119437,					-0.987933,					-0.4769374,					1
			]
			,"name": "0000-6591B-3 3"		}
,
		{
			"mesh": 54
			,"name": "0000-6591B-3 3 - Part"		}
,
		{
			"children": [
				116
			]
			,"matrix": [
				-1,					-5.551115E-17,					4.279704E-16,					0,
				-1.110223E-16,					1,					-4.406878E-17,					0,
				-4.279704E-16,					-4.406878E-17,					-1,					0,
				-0.085725,					-0.987933,					-0.4769374,					1
			]
			,"name": "0000-6591B-4 3"		}
,
		{
			"mesh": 55
			,"name": "0000-6591B-4 3 - Part"		}
,
		{
			"children": [
				118
			]
			,"matrix": [
				-1,					-5.551115E-17,					4.279704E-16,					0,
				-1.110223E-16,					1,					-4.406878E-17,					0,
				-4.279704E-16,					-4.406878E-17,					-1,					0,
				-0.53975,					-0.987933,					-0.4769374,					1
			]
			,"name": "0000-6591B-5 3"		}
,
		{
			"mesh": 56
			,"name": "0000-6591B-5 3 - Part"		}
,
		{
			"children": [
				120, 122, 124, 126, 128, 130
			]
			,"name": "0000-6591-4"		}
,
		{
			"children": [
				121
			]
			,"matrix": [
				1,					0,					0,					0,
				0,					1,					0,					0,
				0,					0,					1,					0,
				-0.53975,					-0.937133,					0.4630658,					1
			]
			,"name": "0000-6591A-1 4"		}
,
		{
			"mesh": 57
			,"name": "0000-6591A-1 4 - Part"		}
,
		{
			"children": [
				123
			]
			,"matrix": [
				1,					0,					0,					0,
				0,					1,					0,					0,
				0,					0,					1,					0,
				-0.085725,					-0.987933,					0.4769374,					1
			]
			,"name": "0000-6591B-1 4"		}
,
		{
			"mesh": 58
			,"name": "0000-6591B-1 4 - Part"		}
,
		{
			"children": [
				125
			]
			,"matrix": [
				1,					0,					0,					0,
				0,					1,					0,					0,
				0,					0,					1,					0,
				-0.3119437,					-0.987933,					0.4769374,					1
			]
			,"name": "0000-6591B-2 4"		}
,
		{
			"mesh": 59
			,"name": "0000-6591B-2 4 - Part"		}
,
		{
			"children": [
				127
			]
			,"matrix": [
				1,					0,					0,					0,
				0,					1,					0,					0,
				0,					0,					1,					0,
				-0.7675563,					-0.987933,					0.4769374,					1
			]
			,"name": "0000-6591B-3 4"		}
,
		{
			"mesh": 60
			,"name": "0000-6591B-3 4 - Part"		}
,
		{
			"children": [
				129
			]
			,"matrix": [
				1,					0,					0,					0,
				0,					1,					0,					0,
				0,					0,					1,					0,
				-0.993775,					-0.987933,					0.4769374,					1
			]
			,"name": "0000-6591B-4 4"		}
,
		{
			"mesh": 61
			,"name": "0000-6591B-4 4 - Part"		}
,
		{
			"children": [
				131
			]
			,"matrix": [
				1,					0,					0,					0,
				0,					1,					0,					0,
				0,					0,					1,					0,
				-0.53975,					-0.987933,					0.4769374,					1
			]
			,"name": "0000-6591B-5 4"		}
,
		{
			"mesh": 62
			,"name": "0000-6591B-5 4 - Part"		}
,
		{
			"children": [
				133
			]
			,"matrix": [
				1,					0,					0,					0,
				0,					1,					0,					0,
				0,					0,					1,					0,
				-1.044575,					-0.9398,					-1.685826E-16,					1
			]
			,"name": "0000-6598-1"		}
,
		{
			"mesh": 63
			,"name": "0000-6598-1 - Part"		}
,
		{
			"children": [
				135, 137, 139, 141, 143, 145, 147, 149, 151, 153, 155, 157, 159, 161, 163, 165, 167, 169, 171, 173, 175, 177, 179, 181, 183, 185, 187, 189, 191, 193, 195, 197, 199, 201, 203, 205, 207, 209, 213, 217, 221, 225, 227, 229, 231, 233, 235, 237, 239, 241, 243, 245, 247, 249, 251, 253, 256, 259, 262, 265, 268, 271, 274, 277, 280, 283, 286
			]
			,"name": "FASTENERS-1"		}
,
		{
			"children": [
				136
			]
			,"matrix": [
				1,					-3.529888E-15,					-1.547213E-16,					0,
				3.529511E-15,					0.9959543,					0.08986054,					0,
				-1.631023E-16,					-0.08986054,					0.9959543,					0,
				-2.10185,					1.075802,					0.01300381,					1
			]
			,"name": "Pop Rivet - SST 3-16 Dia-1"		}
,
		{
			"mesh": 64
			,"name": "Pop Rivet - SST 3-16 Dia-1 - Part"		}
,
		{
			"children": [
				138
			]
			,"matrix": [
				1,					-3.529888E-15,					-1.547213E-16,					0,
				3.529511E-15,					0.9959543,					0.08986054,					0,
				-1.631023E-16,					-0.08986054,					0.9959543,					0,
				-1.749425,					1.075802,					0.01300381,					1
			]
			,"name": "Pop Rivet - SST 3-16 Dia-4"		}
,
		{
			"mesh": 65
			,"name": "Pop Rivet - SST 3-16 Dia-4 - Part"		}
,
		{
			"children": [
				140
			]
			,"matrix": [
				1,					-3.529888E-15,					-1.547213E-16,					0,
				3.529511E-15,					0.9959543,					0.08986054,					0,
				-1.631023E-16,					-0.08986054,					0.9959543,					0,
				-1.397,					1.075802,					0.01300381,					1
			]
			,"name": "Pop Rivet - SST 3-16 Dia-6"		}
,
		{
			"mesh": 66
			,"name": "Pop Rivet - SST 3-16 Dia-6 - Part"		}
,
		{
			"children": [
				142
			]
			,"matrix": [
				1,					-3.529888E-15,					-1.547213E-16,					0,
				3.529511E-15,					0.9959543,					0.08986054,					0,
				-1.631023E-16,					-0.08986054,					0.9959543,					0,
				-1.044575,					1.075802,					0.01300381,					1
			]
			,"name": "Pop Rivet - SST 3-16 Dia-8"		}
,
		{
			"mesh": 67
			,"name": "Pop Rivet - SST 3-16 Dia-8 - Part"		}
,
		{
			"children": [
				144
			]
			,"matrix": [
				1,					-3.529888E-15,					-1.547213E-16,					0,
				3.529511E-15,					0.9959543,					0.08986054,					0,
				-1.631023E-16,					-0.08986054,					0.9959543,					0,
				-0.69215,					1.075802,					0.01300381,					1
			]
			,"name": "Pop Rivet - SST 3-16 Dia-10"		}
,
		{
			"mesh": 68
			,"name": "Pop Rivet - SST 3-16 Dia-10 - Part"		}
,
		{
			"children": [
				146
			]
			,"matrix": [
				1,					-3.529888E-15,					-1.547213E-16,					0,
				3.529511E-15,					0.9959543,					0.08986054,					0,
				-1.631023E-16,					-0.08986054,					0.9959543,					0,
				-0.339725,					1.075802,					0.01300381,					1
			]
			,"name": "Pop Rivet - SST 3-16 Dia-12"		}
,
		{
			"mesh": 69
			,"name": "Pop Rivet - SST 3-16 Dia-12 - Part"		}
,
		{
			"children": [
				148
			]
			,"matrix": [
				1,					-3.529888E-15,					-1.547213E-16,					0,
				3.529511E-15,					0.9959543,					0.08986054,					0,
				-1.631023E-16,					-0.08986054,					0.9959543,					0,
				0.0127,					1.075802,					0.01300381,					1
			]
			,"name": "Pop Rivet - SST 3-16 Dia-14"		}
,
		{
			"mesh": 70
			,"name": "Pop Rivet - SST 3-16 Dia-14 - Part"		}
,
		{
			"children": [
				150
			]
			,"matrix": [
				1,					3.521846E-15,					1.57296E-16,					0,
				-3.521733E-15,					0.9959543,					0.08986054,					0,
				1.598154E-16,					-0.08986054,					0.9959543,					0,
				0.0127,					1.055645,					0.2152105,					1
			]
			,"name": "Pop Rivet - SST 3-16 Dia-15"		}
,
		{
			"mesh": 71
			,"name": "Pop Rivet - SST 3-16 Dia-15 - Part"		}
,
		{
			"children": [
				152
			]
			,"matrix": [
				1,					3.521846E-15,					1.57296E-16,					0,
				-3.521733E-15,					0.9959543,					0.08986054,					0,
				1.598154E-16,					-0.08986054,					0.9959543,					0,
				0.0127,					1.037386,					0.4175885,					1
			]
			,"name": "Pop Rivet - SST 3-16 Dia-16"		}
,
		{
			"mesh": 72
			,"name": "Pop Rivet - SST 3-16 Dia-16 - Part"		}
,
		{
			"children": [
				154
			]
			,"matrix": [
				1,					-3.529888E-15,					-1.547213E-16,					0,
				3.529511E-15,					0.9959543,					0.08986054,					0,
				-1.631023E-16,					-0.08986054,					0.9959543,					0,
				0.0127,					1.017229,					0.6197952,					1
			]
			,"name": "Pop Rivet - SST 3-16 Dia-17"		}
,
		{
			"mesh": 73
			,"name": "Pop Rivet - SST 3-16 Dia-17 - Part"		}
,
		{
			"children": [
				156
			]
			,"matrix": [
				1,					3.521846E-15,					1.57296E-16,					0,
				-3.521733E-15,					0.9959543,					0.08986054,					0,
				1.598154E-16,					-0.08986054,					0.9959543,					0,
				-0.69215,					1.055645,					0.2152105,					1
			]
			,"name": "Pop Rivet - SST 3-16 Dia-18"		}
,
		{
			"mesh": 74
			,"name": "Pop Rivet - SST 3-16 Dia-18 - Part"		}
,
		{
			"children": [
				158
			]
			,"matrix": [
				1,					3.521846E-15,					1.57296E-16,					0,
				-3.521733E-15,					0.9959543,					0.08986054,					0,
				1.598154E-16,					-0.08986054,					0.9959543,					0,
				-0.69215,					1.037386,					0.4175885,					1
			]
			,"name": "Pop Rivet - SST 3-16 Dia-19"		}
,
		{
			"mesh": 75
			,"name": "Pop Rivet - SST 3-16 Dia-19 - Part"		}
,
		{
			"children": [
				160
			]
			,"matrix": [
				1,					3.521846E-15,					1.57296E-16,					0,
				-3.521733E-15,					0.9959543,					0.08986054,					0,
				1.598154E-16,					-0.08986054,					0.9959543,					0,
				-0.69215,					1.019126,					0.6199664,					1
			]
			,"name": "Pop Rivet - SST 3-16 Dia-20"		}
,
		{
			"mesh": 76
			,"name": "Pop Rivet - SST 3-16 Dia-20 - Part"		}
,
		{
			"children": [
				162
			]
			,"matrix": [
				1,					3.521846E-15,					1.57296E-16,					0,
				-3.521733E-15,					0.9959543,					0.08986054,					0,
				1.598154E-16,					-0.08986054,					0.9959543,					0,
				-1.397,					1.055645,					0.2152105,					1
			]
			,"name": "Pop Rivet - SST 3-16 Dia-21"		}
,
		{
			"mesh": 77
			,"name": "Pop Rivet - SST 3-16 Dia-21 - Part"		}
,
		{
			"children": [
				164
			]
			,"matrix": [
				1,					3.521846E-15,					1.57296E-16,					0,
				-3.521733E-15,					0.9959543,					0.08986054,					0,
				1.598154E-16,					-0.08986054,					0.9959543,					0,
				-1.397,					1.037386,					0.4175885,					1
			]
			,"name": "Pop Rivet - SST 3-16 Dia-22"		}
,
		{
			"mesh": 78
			,"name": "Pop Rivet - SST 3-16 Dia-22 - Part"		}
,
		{
			"children": [
				166
			]
			,"matrix": [
				1,					3.521846E-15,					1.57296E-16,					0,
				-3.521733E-15,					0.9959543,					0.08986054,					0,
				1.598154E-16,					-0.08986054,					0.9959543,					0,
				-1.397,					1.019126,					0.6199664,					1
			]
			,"name": "Pop Rivet - SST 3-16 Dia-23"		}
,
		{
			"mesh": 79
			,"name": "Pop Rivet - SST 3-16 Dia-23 - Part"		}
,
		{
			"children": [
				168
			]
			,"matrix": [
				1,					3.521846E-15,					1.57296E-16,					0,
				-3.521733E-15,					0.9959543,					0.08986054,					0,
				1.598154E-16,					-0.08986054,					0.9959543,					0,
				-2.10185,					1.055645,					0.2152105,					1
			]
			,"name": "Pop Rivet - SST 3-16 Dia-24"		}
,
		{
			"mesh": 80
			,"name": "Pop Rivet - SST 3-16 Dia-24 - Part"		}
,
		{
			"children": [
				170
			]
			,"matrix": [
				1,					3.521846E-15,					1.57296E-16,					0,
				-3.521733E-15,					0.9959543,					0.08986054,					0,
				1.598154E-16,					-0.08986054,					0.9959543,					0,
				-2.10185,					1.037386,					0.4175885,					1
			]
			,"name": "Pop Rivet - SST 3-16 Dia-25"		}
,
		{
			"mesh": 81
			,"name": "Pop Rivet - SST 3-16 Dia-25 - Part"		}
,
		{
			"children": [
				172
			]
			,"matrix": [
				1,					3.521846E-15,					1.57296E-16,					0,
				-3.521733E-15,					0.9959543,					0.08986054,					0,
				1.598154E-16,					-0.08986054,					0.9959543,					0,
				-2.10185,					1.019126,					0.6199664,					1
			]
			,"name": "Pop Rivet - SST 3-16 Dia-26"		}
,
		{
			"mesh": 82
			,"name": "Pop Rivet - SST 3-16 Dia-26 - Part"		}
,
		{
			"children": [
				174
			]
			,"matrix": [
				1,					6.616083E-16,					6.6131E-16,					0,
				-6.616082E-16,					0.0004508481,					0.9999999,					0,
				6.613101E-16,					-0.9999999,					0.0004508481,					0,
				-1.749425,					0.9648811,					0.6353662,					1
			]
			,"name": "Pop Rivet - SST 3-16 Dia-27"		}
,
		{
			"mesh": 83
			,"name": "Pop Rivet - SST 3-16 Dia-27 - Part"		}
,
		{
			"children": [
				176
			]
			,"matrix": [
				1,					6.616083E-16,					6.6131E-16,					0,
				-6.616082E-16,					0.0004508481,					0.9999999,					0,
				6.613101E-16,					-0.9999999,					0.0004508481,					0,
				-1.397,					0.9648811,					0.6353662,					1
			]
			,"name": "Pop Rivet - SST 3-16 Dia-28"		}
,
		{
			"mesh": 84
			,"name": "Pop Rivet - SST 3-16 Dia-28 - Part"		}
,
		{
			"children": [
				178
			]
			,"matrix": [
				1,					6.616083E-16,					6.6131E-16,					0,
				-6.616082E-16,					0.0004508481,					0.9999999,					0,
				6.613101E-16,					-0.9999999,					0.0004508481,					0,
				-1.044575,					0.9648811,					0.6353662,					1
			]
			,"name": "Pop Rivet - SST 3-16 Dia-29"		}
,
		{
			"mesh": 85
			,"name": "Pop Rivet - SST 3-16 Dia-29 - Part"		}
,
		{
			"children": [
				180
			]
			,"matrix": [
				1,					6.616083E-16,					6.6131E-16,					0,
				-6.616082E-16,					0.0004508481,					0.9999999,					0,
				6.613101E-16,					-0.9999999,					0.0004508481,					0,
				-0.339725,					0.9648811,					0.6353662,					1
			]
			,"name": "Pop Rivet - SST 3-16 Dia-30"		}
,
		{
			"mesh": 86
			,"name": "Pop Rivet - SST 3-16 Dia-30 - Part"		}
,
		{
			"children": [
				182
			]
			,"matrix": [
				1,					6.616083E-16,					6.6131E-16,					0,
				-6.616082E-16,					0.0004508481,					0.9999999,					0,
				6.613101E-16,					-0.9999999,					0.0004508481,					0,
				-0.69215,					0.9648811,					0.6353662,					1
			]
			,"name": "Pop Rivet - SST 3-16 Dia-31"		}
,
		{
			"mesh": 87
			,"name": "Pop Rivet - SST 3-16 Dia-31 - Part"		}
,
		{
			"children": [
				184
			]
			,"matrix": [
				1,					-3.476188E-15,					-1.542066E-11,					0,
				3.476188E-15,					-0.9999999,					0.0004508481,					0,
				-1.542066E-11,					-0.0004508481,					-0.9999999,					0,
				-1.749425,					0.9363005,					0.6231554,					1
			]
			,"name": "Pop Rivet - SST 3-16 Dia-32"		}
,
		{
			"mesh": 88
			,"name": "Pop Rivet - SST 3-16 Dia-32 - Part"		}
,
		{
			"children": [
				186
			]
			,"matrix": [
				1,					-3.476188E-15,					-1.542066E-11,					0,
				3.476188E-15,					-0.9999999,					0.0004508481,					0,
				-1.542066E-11,					-0.0004508481,					-0.9999999,					0,
				-1.397,					0.9363005,					0.6231554,					1
			]
			,"name": "Pop Rivet - SST 3-16 Dia-33"		}
,
		{
			"mesh": 89
			,"name": "Pop Rivet - SST 3-16 Dia-33 - Part"		}
,
		{
			"children": [
				188
			]
			,"matrix": [
				1,					-3.476188E-15,					-1.542066E-11,					0,
				3.476188E-15,					-0.9999999,					0.0004508481,					0,
				-1.542066E-11,					-0.0004508481,					-0.9999999,					0,
				-1.044575,					0.9363005,					0.6231554,					1
			]
			,"name": "Pop Rivet - SST 3-16 Dia-34"		}
,
		{
			"mesh": 90
			,"name": "Pop Rivet - SST 3-16 Dia-34 - Part"		}
,
		{
			"children": [
				190
			]
			,"matrix": [
				1,					-3.476188E-15,					-1.542066E-11,					0,
				3.476188E-15,					-0.9999999,					0.0004508481,					0,
				-1.542066E-11,					-0.0004508481,					-0.9999999,					0,
				-0.69215,					0.9363005,					0.6231554,					1
			]
			,"name": "Pop Rivet - SST 3-16 Dia-35"		}
,
		{
			"mesh": 91
			,"name": "Pop Rivet - SST 3-16 Dia-35 - Part"		}
,
		{
			"children": [
				192
			]
			,"matrix": [
				1,					-3.476188E-15,					-1.542066E-11,					0,
				3.476188E-15,					-0.9999999,					0.0004508481,					0,
				-1.542066E-11,					-0.0004508481,					-0.9999999,					0,
				-0.339725,					0.9363005,					0.6231554,					1
			]
			,"name": "Pop Rivet - SST 3-16 Dia-36"		}
,
		{
			"mesh": 92
			,"name": "Pop Rivet - SST 3-16 Dia-36 - Part"		}
,
		{
			"children": [
				194
			]
			,"matrix": [
				1,					0,					0,					0,
				0,					0,					1,					0,
				0,					-1,					0,					0,
				-3.181952E-14,					0.396875,					0.052705,					1
			]
			,"name": "#3-8-18 SST Weld Stud-2"		}
,
		{
			"mesh": 93
			,"name": "#3-8-18 SST Weld Stud-2 - Part"		}
,
		{
			"children": [
				196
			]
			,"matrix": [
				1,					0,					0,					0,
				0,					0,					1,					0,
				0,					-1,					0,					0,
				-3.041562E-14,					0.771525,					0.052705,					1
			]
			,"name": "#3-8-18 SST Weld Stud-3"		}
,
		{
			"mesh": 94
			,"name": "#3-8-18 SST Weld Stud-3 - Part"		}
,
		{
			"children": [
				198
			]
			,"matrix": [
				1,					0,					0,					0,
				0,					0,					1,					0,
				0,					-1,					0,					0,
				-2.08915,					0.771525,					0.052705,					1
			]
			,"name": "#3-8-18 SST Weld Stud-4"		}
,
		{
			"mesh": 95
			,"name": "#3-8-18 SST Weld Stud-4 - Part"		}
,
		{
			"children": [
				200
			]
			,"matrix": [
				1,					0,					0,					0,
				0,					0,					1,					0,
				0,					-1,					0,					0,
				-2.08915,					0.396875,					0.052705,					1
			]
			,"name": "#3-8-18 SST Weld Stud-5"		}
,
		{
			"mesh": 96
			,"name": "#3-8-18 SST Weld Stud-5 - Part"		}
,
		{
			"children": [
				202
			]
			,"matrix": [
				1,					7.247267E-17,					7.247267E-17,					0,
				7.247267E-17,					8.910236E-18,					-1,					0,
				-7.247267E-17,					1,					8.910236E-18,					0,
				-2.928334E-15,					0.771525,					0.0746252,					1
			]
			,"name": "#3-8-Flat-Reg-2"		}
,
		{
			"mesh": 97
			,"name": "#3-8-Flat-Reg-2 - Part"		}
,
		{
			"children": [
				204
			]
			,"matrix": [
				1,					7.247267E-17,					7.247267E-17,					0,
				7.247267E-17,					8.910236E-18,					-1,					0,
				-7.247267E-17,					1,					8.910236E-18,					0,
				-4.552498E-15,					0.396875,					0.0746252,					1
			]
			,"name": "#3-8-Flat-Reg-3"		}
,
		{
			"mesh": 98
			,"name": "#3-8-Flat-Reg-3 - Part"		}
,
		{
			"children": [
				206
			]
			,"matrix": [
				1,					7.247267E-17,					7.247267E-17,					0,
				7.247267E-17,					8.910236E-18,					-1,					0,
				-7.247267E-17,					1,					8.910236E-18,					0,
				-2.08915,					0.771525,					0.0746252,					1
			]
			,"name": "#3-8-Flat-Reg-4"		}
,
		{
			"mesh": 99
			,"name": "#3-8-Flat-Reg-4 - Part"		}
,
		{
			"children": [
				208
			]
			,"matrix": [
				1,					7.247267E-17,					7.247267E-17,					0,
				7.247267E-17,					8.910236E-18,					-1,					0,
				-7.247267E-17,					1,					8.910236E-18,					0,
				-2.08915,					0.396875,					0.0746252,					1
			]
			,"name": "#3-8-Flat-Reg-5"		}
,
		{
			"mesh": 100
			,"name": "#3-8-Flat-Reg-5 - Part"		}
,
		{
			"children": [
				210, 211, 212
			]
			,"matrix": [
				0.9999992,					-0.001237492,					0,					0,
				0.001237492,					0.9999992,					3.252607E-18,					0,
				0,					2.710505E-19,					1,					0,
				-5.4882E-15,					0.771525,					0.0746252,					1
			]
			,"name": "#3-8-Hex-Lock-2"		}
,
		{
			"mesh": 101
			,"name": "#3-8-Hex-Lock-2 - Part"		}
,
		{
			"mesh": 102
			,"name": "#3-8-Hex-Lock-2 - Part 2"		}
,
		{
			"mesh": 103
			,"name": "#3-8-Hex-Lock-2 - Part 3"		}
,
		{
			"children": [
				214, 215, 216
			]
			,"matrix": [
				1,					0,					0,					0,
				0,					1,					0,					0,
				0,					0,					1,					0,
				-3.181952E-14,					0.396875,					0.0746252,					1
			]
			,"name": "#3-8-Hex-Lock-3"		}
,
		{
			"mesh": 104
			,"name": "#3-8-Hex-Lock-3 - Part"		}
,
		{
			"mesh": 105
			,"name": "#3-8-Hex-Lock-3 - Part 2"		}
,
		{
			"mesh": 106
			,"name": "#3-8-Hex-Lock-3 - Part 3"		}
,
		{
			"children": [
				218, 219, 220
			]
			,"matrix": [
				1,					0,					0,					0,
				0,					1,					0,					0,
				0,					0,					1,					0,
				-2.08915,					0.396875,					0.0746252,					1
			]
			,"name": "#3-8-Hex-Lock-5"		}
,
		{
			"mesh": 107
			,"name": "#3-8-Hex-Lock-5 - Part"		}
,
		{
			"mesh": 108
			,"name": "#3-8-Hex-Lock-5 - Part 2"		}
,
		{
			"mesh": 109
			,"name": "#3-8-Hex-Lock-5 - Part 3"		}
,
		{
			"children": [
				222, 223, 224
			]
			,"matrix": [
				1,					0,					0,					0,
				0,					1,					0,					0,
				0,					0,					1,					0,
				-2.08915,					0.771525,					0.0746252,					1
			]
			,"name": "#3-8-Hex-Lock-6"		}
,
		{
			"mesh": 110
			,"name": "#3-8-Hex-Lock-6 - Part"		}
,
		{
			"mesh": 111
			,"name": "#3-8-Hex-Lock-6 - Part 2"		}
,
		{
			"mesh": 112
			,"name": "#3-8-Hex-Lock-6 - Part 3"		}
,
		{
			"children": [
				226
			]
			,"matrix": [
				0.8371691,					3.467263E-16,					0.5469441,					0,
				4.141652E-16,					-1,					1.479794E-32,					0,
				0.5469441,					2.265253E-16,					-0.8371691,					0,
				-1.397,					0.988695,					3.890769E-16,					1
			]
			,"name": "Pop Rivet - SST 3-16 Dia-66"		}
,
		{
			"mesh": 113
			,"name": "Pop Rivet - SST 3-16 Dia-66 - Part"		}
,
		{
			"children": [
				228
			]
			,"matrix": [
				0.8371691,					3.467263E-16,					0.5469441,					0,
				4.141652E-16,					-1,					1.479794E-32,					0,
				0.5469441,					2.265253E-16,					-0.8371691,					0,
				-0.69215,					0.988695,					1.715615E-16,					1
			]
			,"name": "Pop Rivet - SST 3-16 Dia-67"		}
,
		{
			"mesh": 114
			,"name": "Pop Rivet - SST 3-16 Dia-67 - Part"		}
,
		{
			"children": [
				230
			]
			,"matrix": [
				1,					4.279704E-16,					-4.279704E-16,					0,
				-4.279704E-16,					-1.665335E-16,					-1,					0,
				-4.279704E-16,					1,					-1.665335E-16,					0,
				-2.003425,					-0.9553893,					-0.4619482,					1
			]
			,"name": "#1-4-Flat-Reg-1"		}
,
		{
			"mesh": 115
			,"name": "#1-4-Flat-Reg-1 - Part"		}
,
		{
			"children": [
				232
			]
			,"matrix": [
				1,					4.279704E-16,					-4.279704E-16,					0,
				-4.279704E-16,					-1.665335E-16,					-1,					0,
				-4.279704E-16,					1,					-1.665335E-16,					0,
				-1.5494,					-0.9553893,					-0.4619482,					1
			]
			,"name": "#1-4-Flat-Reg-2"		}
,
		{
			"mesh": 116
			,"name": "#1-4-Flat-Reg-2 - Part"		}
,
		{
			"children": [
				234
			]
			,"matrix": [
				1,					4.279704E-16,					-4.279704E-16,					0,
				-4.279704E-16,					-1.665335E-16,					-1,					0,
				-4.279704E-16,					1,					-1.665335E-16,					0,
				-1.095375,					-0.9553893,					-0.4619482,					1
			]
			,"name": "#1-4-Flat-Reg-3"		}
,
		{
			"mesh": 117
			,"name": "#1-4-Flat-Reg-3 - Part"		}
,
		{
			"children": [
				236
			]
			,"matrix": [
				1,					4.279704E-16,					-4.279704E-16,					0,
				-4.279704E-16,					-1.665335E-16,					-1,					0,
				-4.279704E-16,					1,					-1.665335E-16,					0,
				-0.993775,					-0.9553893,					-0.4619482,					1
			]
			,"name": "#1-4-Flat-Reg-4"		}
,
		{
			"mesh": 118
			,"name": "#1-4-Flat-Reg-4 - Part"		}
,
		{
			"children": [
				238
			]
			,"matrix": [
				1,					4.279704E-16,					-4.279704E-16,					0,
				-4.279704E-16,					-1.665335E-16,					-1,					0,
				-4.279704E-16,					1,					-1.665335E-16,					0,
				-0.53975,					-0.9553893,					-0.4619482,					1
			]
			,"name": "#1-4-Flat-Reg-5"		}
,
		{
			"mesh": 119
