{
	"asset": {
		"generator": "VISUALIZEGLTF",
		"version" : "2.0"
	},
	"extensionsUsed": [ "KHR_draco_mesh_compression","KHR_materials_pbrSpecularGlossiness","KHR_texture_transform" ],
	"extensionsRequired": [ "KHR_draco_mesh_compression" ],
	"scenes": [
		{
			"name": "Default",
			"nodes": [
				0]
		}
	],
	"nodes": [
		{
			"children": [
				1, 364, 365, 366, 367
			]
			,"name": "Root"		}
,
		{
			"children": [
				2, 17, 20, 23, 68, 70, 213, 218, 223, 228, 233, 244, 263, 282, 285, 288, 291, 294, 297, 300, 308, 310, 312, 314, 316, 319, 321, 323, 326, 328, 331, 333, 335, 338, 340, 343, 345, 347, 350, 352, 355, 357, 359, 362
			]
			,"matrix": [
				1,					0,					0,					0,
				0,					1,					0,					0,
				0,					0,					1,					0,
				0,					0.3359864,					0,					1
			]
			,"name": "E4X242408WM-07 (Default)"		}
,
		{
			"children": [
				3, 6, 9, 11, 13, 15
			]
			,"name": "0000-9666-1"		}
,
		{
			"children": [
				4
			]
			,"name": "0000-9666-1 2"		}
,
		{
			"children": [
				5
			]
			,"mesh": 0
			,"name": "0000-9666-1 2 - Part"		}
,
		{
			"mesh": 1
			,"name": "0000-9666-1 2 - Part_clonedChild"		}
,
		{
			"children": [
				7
			]
			,"matrix": [
				1.17957E-32,					-1,					-1.08608E-16,					0,
				1,					0,					1.08608E-16,					0,
				-1.08608E-16,					-1.08608E-16,					1,					0,
				-0.302895,					-0.26035,					0.1675209,					1
			]
			,"name": "#1-4-20 SST Weld Stud-5"		}
,
		{
			"children": [
				8
			]
			,"mesh": 2
			,"name": "#1-4-20 SST Weld Stud-5 - Part"		}
,
		{
			"mesh": 3
			,"name": "#1-4-20 SST Weld Stud-5 - Part_clonedChild"		}
,
		{
			"children": [
				10
			]
			,"matrix": [
				0.3420202,					-0.9396926,					3.816392E-17,					0,
				0,					3.816392E-17,					1,					0,
				-0.9396926,					-0.3420202,					2.775558E-17,					0,
				-0.248793,					0.271653,					-2.450484E-15,					1
			]
			,"name": "#3-8-18 SST Weld Stud-6"		}
,
		{
			"mesh": 4
			,"name": "#3-8-18 SST Weld Stud-6 - Part"		}
,
		{
			"children": [
				12
			]
			,"matrix": [
				0.6427876,					-0.7660444,					1.387779E-16,					0,
				0,					8.326673E-17,					1,					0,
				-0.7660444,					-0.6427876,					1.110223E-16,					0,
				0.248793,					0.271653,					-5.326698E-20,					1
			]
			,"name": "#3-8-18 SST Weld Stud-8"		}
,
		{
			"mesh": 5
			,"name": "#3-8-18 SST Weld Stud-8 - Part"		}
,
		{
			"children": [
				14
			]
			,"matrix": [
				0.8660254,					-0.5,					5.551115E-17,					0,
				0,					-8.326673E-17,					1,					0,
				-0.5,					-0.8660254,					0,					0,
				-0.223266,					-0.271653,					-4.858063E-20,					1
			]
			,"name": "#3-8-18 SST Weld Stud-10"		}
,
		{
			"mesh": 6
			,"name": "#3-8-18 SST Weld Stud-10 - Part"		}
,
		{
			"children": [
				16
			]
			,"matrix": [
				0.9848077,					-0.1736482,					-1.665335E-16,					0,
				0,					-2.220446E-16,					1,					0,
				-0.1736482,					-0.9848077,					2.220446E-16,					0,
				0.223266,					-0.271653,					-5.490042E-15,					1
			]
			,"name": "#3-8-18 SST Weld Stud-12"		}
,
		{
			"mesh": 7
			,"name": "#3-8-18 SST Weld Stud-12 - Part"		}
,
		{
			"children": [
				18
			]
			,"matrix": [
				1,					0,					0,					0,
				0,					1,					0,					0,
				0,					0,					1,					0,
				-4.307665E-14,					0.3048,					0.09996805,					1
			]
			,"name": "0000-9664-1"		}
,
		{
			"children": [
				19
			]
			,"mesh": 8
			,"name": "0000-9664-1 - Part"		}
,
		{
			"mesh": 9
			,"name": "0000-9664-1 - Part_clonedChild"		}
,
		{
			"children": [
				21
			]
			,"matrix": [
				-1,					4.336809E-17,					3.400058E-16,					0,
				-3.15389E-17,					-1,					2.164609E-17,					0,
				3.504141E-16,					1.387779E-17,					1,					0,
				-4.132805E-14,					-0.3048,					0.09996805,					1
			]
			,"name": "0000-9667-3"		}
,
		{
			"children": [
				22
			]
			,"mesh": 10
			,"name": "0000-9667-3 - Part"		}
,
		{
			"mesh": 11
			,"name": "0000-9667-3 - Part_clonedChild"		}
,
		{
			"children": [
				24, 27, 30, 33, 36, 38, 43, 48, 53, 58, 63
			]
			,"name": "0001-0638-1"		}
,
		{
			"children": [
				25
			]
			,"matrix": [
				-0.258819,					2.760738E-13,					0.9659258,					0,
				6.881849E-14,					1,					-2.673727E-13,					0,
				-0.9659258,					-2.7276E-15,					-0.258819,					0,
				-0.4046294,					1.588158E-13,					0.4925315,					1
			]
			,"name": "0001-0638-1 2"		}
,
		{
			"children": [
				26
			]
			,"mesh": 12
			,"name": "0001-0638-1 2 - Part"		}
,
		{
			"mesh": 13
			,"name": "0001-0638-1 2 - Part_clonedChild"		}
,
		{
			"children": [
				28
			]
			,"matrix": [
				-0.258819,					2.760738E-13,					0.9659258,					0,
				0.9659258,					2.7276E-15,					0.258819,					0,
				6.881849E-14,					1,					-2.673727E-13,					0,
				-0.3387059,					-0.226695,					0.2538621,					1
			]
			,"name": "#1-4-20 SST Weld Stud-1"		}
,
		{
			"children": [
				29
			]
			,"mesh": 14
			,"name": "#1-4-20 SST Weld Stud-1 - Part"		}
,
		{
			"mesh": 15
			,"name": "#1-4-20 SST Weld Stud-1 - Part_clonedChild"		}
,
		{
			"children": [
				31
			]
			,"matrix": [
				-0.2555451,					0.1585528,					0.9537073,					0,
				0.9659258,					-4.639977E-14,					0.258819,					0,
				0.04103647,					0.9873505,					-0.1531502,					0,
				-0.4586552,					-0.2126488,					0.7015189,					1
			]
			,"name": "#1-4-20 SST Weld Stud-3"		}
,
		{
			"children": [
				32
			]
			,"mesh": 16
			,"name": "#1-4-20 SST Weld Stud-3 - Part"		}
,
		{
			"mesh": 17
			,"name": "#1-4-20 SST Weld Stud-3 - Part_clonedChild"		}
,
		{
			"children": [
				34
			]
			,"matrix": [
				-0.2482398,					0.2829836,					0.9264433,					0,
				0.9659258,					-4.551159E-14,					0.258819,					0,
				0.07324155,					0.9591247,					-0.2733412,					0,
				-0.4586552,					-0.2507488,					0.7015189,					1
			]
			,"name": "#1-4-20 SST Weld Stud-5 2"		}
,
		{
			"children": [
				35
			]
			,"mesh": 18
			,"name": "#1-4-20 SST Weld Stud-5 2 - Part"		}
,
		{
			"mesh": 19
			,"name": "#1-4-20 SST Weld Stud-5 2 - Part_clonedChild"		}
,
		{
			"children": [
				37
			]
			,"matrix": [
				-0.2130749,					0.5676672,					0.7952062,					0,
				0.9659258,					2.721798E-15,					0.258819,					0,
				0.1469231,					0.8232581,					-0.5483245,					0,
				-0.4394549,					-0.0337976,					0.6298622,					1
			]
			,"name": "#8-32 SST Weld Stud-37"		}
,
		{
			"mesh": 20
			,"name": "#8-32 SST Weld Stud-37 - Part"		}
,
		{
			"children": [
				39, 41
			]
			,"matrix": [
				-0.258819,					2.760738E-13,					0.9659258,					0,
				0.9659258,					2.7276E-15,					0.258819,					0,
				6.881849E-14,					1,					-2.673727E-13,					0,
				-0.3751843,					-0.1071782,					0.4140162,					1
			]
			,"name": "0000-9808-1"		}
,
		{
			"children": [
				40
			]
			,"name": "Cut-Extrude5"		}
,
		{
			"mesh": 21
			,"name": "Cut-Extrude5 - Part"		}
,
		{
			"children": [
				42
			]
			,"name": "Chamfer1"		}
,
		{
			"mesh": 22
			,"name": "Chamfer1 - Part"		}
,
		{
			"children": [
				44, 46
			]
			,"matrix": [
				-0.258819,					2.760738E-13,					0.9659258,					0,
				0.9659258,					2.7276E-15,					0.258819,					0,
				6.881849E-14,					1,					-2.673727E-13,					0,
				-0.3751654,					-0.1800762,					0.4140212,					1
			]
			,"name": "0000-9808-2"		}
,
		{
			"children": [
				45
			]
			,"name": "Cut-Extrude5 2"		}
,
		{
			"mesh": 23
			,"name": "Cut-Extrude5 2 - Part"		}
,
		{
			"children": [
				47
			]
			,"name": "Chamfer1 2"		}
,
		{
			"mesh": 24
			,"name": "Chamfer1 2 - Part"		}
,
		{
			"children": [
				49, 51
			]
			,"matrix": [
				-0.258819,					2.760738E-13,					0.9659258,					0,
				0.9659258,					2.7276E-15,					0.258819,					0,
				6.881849E-14,					1,					-2.673727E-13,					0,
				-0.4209201,					-0.1071782,					0.5858334,					1
			]
			,"name": "0000-9808-3"		}
,
		{
			"children": [
				50
			]
			,"name": "Cut-Extrude5 3"		}
,
		{
			"mesh": 25
			,"name": "Cut-Extrude5 3 - Part"		}
,
		{
			"children": [
				52
			]
			,"name": "Chamfer1 3"		}
,
		{
			"mesh": 26
			,"name": "Chamfer1 3 - Part"		}
,
		{
			"children": [
				54, 56
			]
			,"matrix": [
				-0.258819,					2.760738E-13,					0.9659258,					0,
				0.9659258,					2.7276E-15,					0.258819,					0,
				6.881849E-14,					1,					-2.673727E-13,					0,
				-0.4209036,					-0.1800762,					0.5858378,					1
			]
			,"name": "0000-9808-4"		}
,
		{
			"children": [
				55
			]
			,"name": "Cut-Extrude5 4"		}
,
		{
			"mesh": 27
			,"name": "Cut-Extrude5 4 - Part"		}
,
		{
			"children": [
				57
			]
			,"name": "Chamfer1 4"		}
,
		{
			"mesh": 28
			,"name": "Chamfer1 4 - Part"		}
,
		{
			"children": [
				59, 61
			]
			,"matrix": [
				-0.258819,					2.760738E-13,					0.9659258,					0,
				0.9659258,					2.7276E-15,					0.258819,					0,
				6.881849E-14,					1,					-2.673727E-13,					0,
				-0.3368113,					-0.1071782,					0.266522,					1
			]
			,"name": "0000-9808-5"		}
,
		{
			"children": [
				60
			]
			,"name": "Cut-Extrude5 5"		}
,
		{
			"mesh": 29
			,"name": "Cut-Extrude5 5 - Part"		}
,
		{
			"children": [
				62
			]
			,"name": "Chamfer1 5"		}
,
		{
			"mesh": 30
			,"name": "Chamfer1 5 - Part"		}
,
		{
			"children": [
				64, 66
			]
			,"matrix": [
				-0.258819,					2.760738E-13,					0.9659258,					0,
				0.9659258,					2.7276E-15,					0.258819,					0,
				6.881849E-14,					1,					-2.673727E-13,					0,
				-0.3370541,					-0.1800762,					0.266457,					1
			]
			,"name": "0000-9808-6"		}
,
		{
			"children": [
				65
			]
			,"name": "Cut-Extrude5 6"		}
,
		{
			"mesh": 31
			,"name": "Cut-Extrude5 6 - Part"		}
,
		{
			"children": [
				67
			]
			,"name": "Chamfer1 6"		}
,
		{
			"mesh": 32
			,"name": "Chamfer1 6 - Part"		}
,
		{
			"children": [
				69
			]
			,"matrix": [
				0.258819,					-2.762602E-13,					-0.9659258,					0,
				6.612603E-14,					1,					-2.682872E-13,					0,
				0.9659258,					5.564993E-15,					0.258819,					0,
				-0.4027893,					1.579442E-13,					0.4930246,					1
			]
			,"name": "0000-9663 - Gasket-1"		}
,
		{
			"mesh": 33
			,"name": "0000-9663 - Gasket-1 - Part"		}
,
		{
			"children": [
				71, 75, 78, 81, 84, 88, 92, 95, 98, 101, 105, 108, 111, 114, 117, 120, 123, 126, 129, 132, 135, 140, 145, 150, 155, 160, 165, 170, 175, 180, 185, 187, 189, 191, 193, 195, 197, 199, 201, 204, 207, 210
			]
			,"name": "FASTENERS-2"		}
,
		{
			"children": [
				72, 74
			]
			,"matrix": [
				-1.08608E-16,					0,					1,					0,
				0,					1,					0,					0,
				-1,					0,					-1.08608E-16,					0,
				-0.290195,					-0.26035,					0.1675209,					1
			]
			,"name": "#1-4-Hex-Reg-27"		}
,
		{
			"children": [
				73
			]
			,"mesh": 34
			,"name": "#1-4-Hex-Reg-27 - Part"		}
,
		{
			"mesh": 35
			,"name": "#1-4-Hex-Reg-27 - Part_clonedChild"		}
,
		{
			"mesh": 36
			,"name": "#1-4-Hex-Reg-27 - Part 2"		}
,
		{
			"children": [
				76
			]
			,"matrix": [
				4.996004E-16,					-1,					9.556106E-15,					0,
				1,					4.996004E-16,					9.773323E-15,					0,
				-9.773323E-15,					9.556106E-15,					1,					0,
				-0.2969006,					-0.26035,					0.1675209,					1
			]
			,"name": "#1-4-Flat-Reg-19"		}
,
		{
			"children": [
				77
			]
			,"mesh": 37
			,"name": "#1-4-Flat-Reg-19 - Part"		}
,
		{
			"mesh": 38
			,"name": "#1-4-Flat-Reg-19 - Part_clonedChild"		}
,
		{
			"children": [
				79
			]
			,"matrix": [
				4.996004E-16,					-1,					9.556106E-15,					0,
				1,					4.996004E-16,					9.773323E-15,					0,
				-9.773323E-15,					9.556106E-15,					1,					0,
				-0.2980182,					-0.26035,					0.1675209,					1
			]
			,"name": "#1-4-Flat-Reg-20"		}
,
		{
			"children": [
				80
			]
			,"mesh": 39
			,"name": "#1-4-Flat-Reg-20 - Part"		}
,
		{
			"mesh": 40
			,"name": "#1-4-Flat-Reg-20 - Part_clonedChild"		}
,
		{
			"children": [
				82
			]
			,"matrix": [
				-8.326673E-17,					-1,					5.575258E-16,					0,
				1,					-8.326673E-17,					7.747419E-16,					0,
				-7.747419E-16,					5.575258E-16,					1,					0,
				-0.299593,					-0.26035,					0.1675209,					1
			]
			,"name": "#1-4-Lock Split-19"		}
,
		{
			"children": [
				83
			]
			,"mesh": 41
			,"name": "#1-4-Lock Split-19 - Part"		}
,
		{
			"mesh": 42
			,"name": "#1-4-Lock Split-19 - Part_clonedChild"		}
,
		{
			"children": [
				85, 87
			]
			,"matrix": [
				-1.08608E-16,					1.618456E-31,					1,					0,
				1.618456E-31,					1,					-1.618456E-31,					0,
				-1,					1.618456E-31,					-1.08608E-16,					0,
				-0.299593,					-0.26035,					0.1675209,					1
			]
			,"name": "#1-4-Hex-Reg-28"		}
,
		{
			"children": [
				86
			]
			,"mesh": 43
			,"name": "#1-4-Hex-Reg-28 - Part"		}
,
		{
			"mesh": 44
			,"name": "#1-4-Hex-Reg-28 - Part_clonedChild"		}
,
		{
			"mesh": 45
			,"name": "#1-4-Hex-Reg-28 - Part 2"		}
,
		{
			"children": [
				89, 91
			]
			,"matrix": [
				-0.258819,					-5.46947E-14,					0.9659258,					0,
				-4.559073E-14,					1,					4.440812E-14,					0,
				-0.9659258,					-3.25436E-14,					-0.258819,					0,
				-0.3264387,					-0.226695,					0.2571491,					1
			]
			,"name": "#1-4-Hex-Reg-1"		}
,
		{
			"children": [
				90
			]
			,"mesh": 46
			,"name": "#1-4-Hex-Reg-1 - Part"		}
,
		{
			"mesh": 47
			,"name": "#1-4-Hex-Reg-1 - Part_clonedChild"		}
,
		{
			"mesh": 48
			,"name": "#1-4-Hex-Reg-1 - Part 2"		}
,
		{
			"children": [
				93
			]
			,"matrix": [
				0.1207223,					-0.8845555,					-0.4505416,					0,
				0.9659258,					3.706173E-14,					0.258819,					0,
				-0.2289398,					-0.466435,					0.854415,					0,
				-0.3329158,					-0.226695,					0.2554136,					1
			]
			,"name": "#1-4-Flat-Reg-1"		}
,
		{
			"children": [
				94
			]
			,"mesh": 49
			,"name": "#1-4-Flat-Reg-1 - Part"		}
,
		{
			"mesh": 50
			,"name": "#1-4-Flat-Reg-1 - Part_clonedChild"		}
,
		{
			"children": [
				96
			]
			,"matrix": [
				0.1207223,					-0.8845555,					-0.4505416,					0,
				0.9659258,					3.706173E-14,					0.258819,					0,
				-0.2289398,					-0.466435,					0.854415,					0,
				-0.3339953,					-0.226695,					0.2551243,					1
			]
			,"name": "#1-4-Flat-Reg-2"		}
,
		{
			"children": [
				97
			]
			,"mesh": 51
			,"name": "#1-4-Flat-Reg-2 - Part"		}
,
		{
			"mesh": 52
			,"name": "#1-4-Flat-Reg-2 - Part_clonedChild"		}
,
		{
			"children": [
				99
			]
			,"matrix": [
				0.1207223,					-0.8845555,					-0.4505416,					0,
				0.9659258,					4.377486E-14,					0.258819,					0,
				-0.2289398,					-0.466435,					0.854415,					0,
				-0.3355165,					-0.226695,					0.2547168,					1
			]
			,"name": "#1-4-Lock Split-1"		}
,
		{
			"children": [
				100
			]
			,"mesh": 53
			,"name": "#1-4-Lock Split-1 - Part"		}
,
		{
			"mesh": 54
			,"name": "#1-4-Lock Split-1 - Part_clonedChild"		}
,
		{
			"children": [
				102, 104
			]
			,"matrix": [
				-0.258819,					-5.46947E-14,					0.9659258,					0,
				-4.559073E-14,					1,					4.440812E-14,					0,
				-0.9659258,					-3.25436E-14,					-0.258819,					0,
				-0.3355165,					-0.226695,					0.2547168,					1
			]
			,"name": "#1-4-Hex-Reg-3"		}
,
		{
			"children": [
				103
			]
			,"mesh": 55
			,"name": "#1-4-Hex-Reg-3 - Part"		}
,
		{
			"mesh": 56
			,"name": "#1-4-Hex-Reg-3 - Part_clonedChild"		}
,
		{
			"mesh": 57
			,"name": "#1-4-Hex-Reg-3 - Part 2"		}
,
		{
			"children": [
				106
			]
			,"matrix": [
				-2.655217E-13,					1,					-3.572503E-13,					0,
				0.258819,					-2.763552E-13,					-0.9659258,					0,
				-0.9659258,					-3.489374E-13,					-0.258819,					0,
				-0.3166614,					0.26035,					0.2006029,					1
			]
			,"name": "Semi-Tube Rivet Oval-1"		}
,
		{
			"children": [
				107
			]
			,"mesh": 58
			,"name": "Semi-Tube Rivet Oval-1 - Part"		}
,
		{
			"mesh": 59
			,"name": "Semi-Tube Rivet Oval-1 - Part_clonedChild"		}
,
		{
			"children": [
				109
			]
			,"matrix": [
				-2.654942E-13,					1,					-3.569516E-13,					0,
				0.258819,					-2.760738E-13,					-0.9659258,					0,
				-0.9659258,					-3.488336E-13,					-0.258819,					0,
				-0.3166614,					0.130175,					0.2006029,					1
			]
			,"name": "Semi-Tube Rivet Oval-2"		}
,
		{
			"children": [
				110
			]
			,"mesh": 60
			,"name": "Semi-Tube Rivet Oval-2 - Part"		}
,
		{
			"mesh": 61
			,"name": "Semi-Tube Rivet Oval-2 - Part_clonedChild"		}
,
		{
			"children": [
				112
			]
			,"matrix": [
				-2.652595E-13,					1,					-3.568887E-13,					0,
				0.258819,					-2.760738E-13,					-0.9659258,					0,
				-0.9659258,					-3.485906E-13,					-0.258819,					0,
				-0.3166614,					7.756059E-14,					0.2006029,					1
			]
			,"name": "Semi-Tube Rivet Oval-3"		}
,
		{
			"children": [
				113
			]
			,"mesh": 62
			,"name": "Semi-Tube Rivet Oval-3 - Part"		}
,
		{
			"mesh": 63
			,"name": "Semi-Tube Rivet Oval-3 - Part_clonedChild"		}
,
		{
			"children": [
				115
			]
			,"matrix": [
				-2.654942E-13,					1,					-3.569516E-13,					0,
				0.258819,					-2.760738E-13,					-0.9659258,					0,
				-0.9659258,					-3.488336E-13,					-0.258819,					0,
				-0.3166614,					-0.130175,					0.2006029,					1
			]
			,"name": "Semi-Tube Rivet Oval-4"		}
,
		{
			"children": [
				116
			]
			,"mesh": 64
			,"name": "Semi-Tube Rivet Oval-4 - Part"		}
,
		{
			"mesh": 65
			,"name": "Semi-Tube Rivet Oval-4 - Part_clonedChild"		}
,
		{
			"children": [
				118
			]
			,"matrix": [
				-2.654942E-13,					1,					-3.569516E-13,					0,
				0.258819,					-2.760738E-13,					-0.9659258,					0,
				-0.9659258,					-3.488336E-13,					-0.258819,					0,
				-0.3166614,					-0.26035,					0.2006029,					1
			]
			,"name": "Semi-Tube Rivet Oval-5"		}
,
		{
			"children": [
				119
			]
			,"mesh": 66
			,"name": "Semi-Tube Rivet Oval-5 - Part"		}
,
		{
			"mesh": 67
			,"name": "Semi-Tube Rivet Oval-5 - Part_clonedChild"		}
,
		{
			"children": [
				121
			]
			,"matrix": [
				0.9330127,					0.258819,					0.25,					0,
				-0.258819,					2.449294E-16,					0.9659258,					0,
				0.25,					-0.9659258,					0.0669873,					0,
				-0.2926725,					-0.26035,					0.2092133,					1
			]
			,"name": "10-PH-Phlp-IMP-1"		}
,
		{
			"children": [
				122
			]
			,"mesh": 68
			,"name": "10-PH-Phlp-IMP-1 - Part"		}
,
		{
			"mesh": 69
			,"name": "10-PH-Phlp-IMP-1 - Part_clonedChild"		}
,
		{
			"children": [
				124
			]
			,"matrix": [
				0.9330127,					0.258819,					0.25,					0,
				-0.258819,					-1.109336E-31,					0.9659258,					0,
				0.25,					-0.9659258,					0.0669873,					0,
				-0.2926725,					-0.130175,					0.2092133,					1
			]
			,"name": "10-PH-Phlp-IMP-2"		}
,
		{
			"children": [
				125
			]
			,"mesh": 70
			,"name": "10-PH-Phlp-IMP-2 - Part"		}
,
		{
			"mesh": 71
			,"name": "10-PH-Phlp-IMP-2 - Part_clonedChild"		}
,
		{
			"children": [
				127
			]
			,"matrix": [
				0.9330127,					0.258819,					0.25,					0,
				-0.258819,					-1.109336E-31,					0.9659258,					0,
				0.25,					-0.9659258,					0.0669873,					0,
				-0.2926725,					3.864862E-15,					0.2092133,					1
			]
			,"name": "10-PH-Phlp-IMP-3"		}
,
		{
			"children": [
				128
			]
			,"mesh": 72
			,"name": "10-PH-Phlp-IMP-3 - Part"		}
,
		{
			"mesh": 73
			,"name": "10-PH-Phlp-IMP-3 - Part_clonedChild"		}
,
		{
			"children": [
				130
			]
			,"matrix": [
				0.9330127,					0.258819,					0.25,					0,
				-0.258819,					-1.109336E-31,					0.9659258,					0,
				0.25,					-0.9659258,					0.0669873,					0,
				-0.2926725,					0.130175,					0.2092133,					1
			]
			,"name": "10-PH-Phlp-IMP-4"		}
,
		{
			"children": [
				131
			]
			,"mesh": 74
			,"name": "10-PH-Phlp-IMP-4 - Part"		}
,
		{
			"mesh": 75
			,"name": "10-PH-Phlp-IMP-4 - Part_clonedChild"		}
,
		{
			"children": [
				133
			]
			,"matrix": [
				0.9330127,					0.258819,					0.25,					0,
				-0.258819,					-1.109336E-31,					0.9659258,					0,
				0.25,					-0.9659258,					0.0669873,					0,
				-0.2926725,					0.26035,					0.2092133,					1
			]
			,"name": "10-PH-Phlp-IMP-5"		}
,
		{
			"children": [
				134
			]
			,"mesh": 76
			,"name": "10-PH-Phlp-IMP-5 - Part"		}
,
		{
			"mesh": 77
			,"name": "10-PH-Phlp-IMP-5 - Part_clonedChild"		}
,
		{
			"children": [
				136, 138, 139
			]
			,"matrix": [
				0.9330127,					0.258819,					0.25,					0,
				-0.258819,					0,					0.9659258,					0,
				0.25,					-0.9659258,					0.0669873,					0,
				-0.2904045,					-0.26035,					0.2007489,					1
			]
			,"name": "Flat Sealing Washer-1"		}
,
		{
			"children": [
				137
			]
			,"mesh": 78
			,"name": "Flat Sealing Washer-1 - Part"		}
,
		{
			"mesh": 79
			,"name": "Flat Sealing Washer-1 - Part_clonedChild"		}
,
		{
			"mesh": 80
			,"name": "Flat Sealing Washer-1 - Part 2"		}
,
		{
			"mesh": 81
			,"name": "Flat Sealing Washer-1 - Part 3"		}
,
		{
			"children": [
				141, 143, 144
			]
			,"matrix": [
				0.9330127,					0.258819,					0.25,					0,
				-0.258819,					0,					0.9659258,					0,
				0.25,					-0.9659258,					0.0669873,					0,
				-0.2904045,					-0.130175,					0.2007489,					1
			]
			,"name": "Flat Sealing Washer-2"		}
,
		{
			"children": [
				142
			]
			,"mesh": 82
			,"name": "Flat Sealing Washer-2 - Part"		}
,
		{
			"mesh": 83
			,"name": "Flat Sealing Washer-2 - Part_clonedChild"		}
,
		{
			"mesh": 84
			,"name": "Flat Sealing Washer-2 - Part 2"		}
,
		{
			"mesh": 85
			,"name": "Flat Sealing Washer-2 - Part 3"		}
,
		{
			"children": [
				146, 148, 149
			]
			,"matrix": [
				0.9330127,					0.258819,					0.25,					0,
				-0.258819,					0,					0.9659258,					0,
				0.25,					-0.9659258,					0.0669873,					0,
				-0.2904045,					-1.832978E-20,					0.2007489,					1
			]
			,"name": "Flat Sealing Washer-3"		}
,
		{
			"children": [
				147
			]
			,"mesh": 86
			,"name": "Flat Sealing Washer-3 - Part"		}
,
		{
			"mesh": 87
			,"name": "Flat Sealing Washer-3 - Part_clonedChild"		}
,
		{
			"mesh": 88
			,"name": "Flat Sealing Washer-3 - Part 2"		}
,
		{
			"mesh": 89
			,"name": "Flat Sealing Washer-3 - Part 3"		}
,
		{
			"children": [
				151, 153, 154
			]
			,"matrix": [
				0.9330127,					0.258819,					0.25,					0,
				-0.258819,					0,					0.9659258,					0,
				0.25,					-0.9659258,					0.0669873,					0,
				-0.2904045,					0.130175,					0.2007489,					1
			]
			,"name": "Flat Sealing Washer-4"		}
,
		{
			"children": [
				152
			]
			,"mesh": 90
			,"name": "Flat Sealing Washer-4 - Part"		}
,
		{
			"mesh": 91
			,"name": "Flat Sealing Washer-4 - Part_clonedChild"		}
,
		{
			"mesh": 92
			,"name": "Flat Sealing Washer-4 - Part 2"		}
,
		{
			"mesh": 93
			,"name": "Flat Sealing Washer-4 - Part 3"		}
,
		{
			"children": [
				156, 158, 159
			]
			,"matrix": [
				0.9330127,					0.258819,					0.25,					0,
				-0.258819,					0,					0.9659258,					0,
				0.25,					-0.9659258,					0.0669873,					0,
				-0.2904045,					0.26035,					0.2007489,					1
			]
			,"name": "Flat Sealing Washer-5"		}
,
		{
			"children": [
				157
			]
			,"mesh": 94
			,"name": "Flat Sealing Washer-5 - Part"		}
,
		{
			"mesh": 95
			,"name": "Flat Sealing Washer-5 - Part_clonedChild"		}
,
		{
			"mesh": 96
			,"name": "Flat Sealing Washer-5 - Part 2"		}
,
		{
			"mesh": 97
			,"name": "Flat Sealing Washer-5 - Part 3"		}
,
		{
			"children": [
				161, 163, 164
			]
			,"matrix": [
				-0.9659258,					0,					-0.258819,					0,
				0,					1,					0,					0,
				0.258819,					0,					-0.9659258,					0,
				-0.2903388,					-0.26035,					0.2005035,					1
			]
			,"name": "#10-Hex-Lock-1"		}
,
		{
			"children": [
				162
			]
			,"mesh": 98
			,"name": "#10-Hex-Lock-1 - Part"		}
,
		{
			"mesh": 99
			,"name": "#10-Hex-Lock-1 - Part_clonedChild"		}
,
		{
			"mesh": 100
			,"name": "#10-Hex-Lock-1 - Part 2"		}
,
		{
			"mesh": 101
			,"name": "#10-Hex-Lock-1 - Part 3"		}
,
		{
			"children": [
				166, 168, 169
			]
			,"matrix": [
				-0.9659258,					0,					-0.258819,					0,
				0,					1,					0,					0,
				0.258819,					0,					-0.9659258,					0,
				-0.2903388,					-0.130175,					0.2005035,					1
			]
			,"name": "#10-Hex-Lock-2"		}
,
		{
			"children": [
				167
			]
			,"mesh": 102
			,"name": "#10-Hex-Lock-2 - Part"		}
,
		{
			"mesh": 103
			,"name": "#10-Hex-Lock-2 - Part_clonedChild"		}
,
		{
			"mesh": 104
			,"name": "#10-Hex-Lock-2 - Part 2"		}
,
		{
			"mesh": 105
			,"name": "#10-Hex-Lock-2 - Part 3"		}
,
		{
			"children": [
				171, 173, 174
			]
			,"matrix": [
				-0.9659258,					0,					-0.258819,					0,
				0,					1,					0,					0,
				0.258819,					0,					-0.9659258,					0,
				-0.2904045,					-1.832978E-20,					0.2007489,					1
			]
			,"name": "#10-Hex-Lock-3"		}
,
		{
			"children": [
				172
			]
			,"mesh": 106
			,"name": "#10-Hex-Lock-3 - Part"		}
,
		{
			"mesh": 107
			,"name": "#10-Hex-Lock-3 - Part_clonedChild"		}
,
		{
			"mesh": 108
			,"name": "#10-Hex-Lock-3 - Part 2"		}
,
		{
			"mesh": 109
			,"name": "#10-Hex-Lock-3 - Part 3"		}
,
		{
			"children": [
				176, 178, 179
			]
			,"matrix": [
				-0.9659258,					0,					-0.258819,					0,
				0,					1,					0,					0,
				0.258819,					0,					-0.9659258,					0,
				-0.2903388,					0.130175,					0.2005035,					1
			]
			,"name": "#10-Hex-Lock-5"		}
,
		{
			"children": [
				177
			]
			,"mesh": 110
			,"name": "#10-Hex-Lock-5 - Part"		}
,
		{
			"mesh": 111
			,"name": "#10-Hex-Lock-5 - Part_clonedChild"		}
,
		{
			"mesh": 112
			,"name": "#10-Hex-Lock-5 - Part 2"		}
,
		{
			"mesh": 113
			,"name": "#10-Hex-Lock-5 - Part 3"		}
,
		{
			"children": [
				181, 183, 184
			]
			,"matrix": [
				-0.9659258,					0,					-0.258819,					0,
				0,					1,					0,					0,
				0.258819,					0,					-0.9659258,					0,
				-0.2903388,					0.26035,					0.2005035,					1
			]
			,"name": "#10-Hex-Lock-6"		}
,
		{
			"children": [
				182
			]
			,"mesh": 114
			,"name": "#10-Hex-Lock-6 - Part"		}
,
		{
			"mesh": 115
			,"name": "#10-Hex-Lock-6 - Part_clonedChild"		}
,
		{
			"mesh": 116
			,"name": "#10-Hex-Lock-6 - Part 2"		}
,
		{
			"mesh": 117
			,"name": "#10-Hex-Lock-6 - Part 3"		}
,
		{
			"children": [
				186
			]
			,"matrix": [
				0.7499231,					0.661525,					1.479563E-15,					0,
				1.954736E-16,					2.014999E-15,					-1,					0,
				-0.661525,					0.7499231,					1.381784E-15,					0,
				-0.248793,					0.271653,					0.02463165,					1
			]
			,"name": "#3-8-Flat-Reg-28"		}
,
		{
			"mesh": 118
			,"name": "#3-8-Flat-Reg-28 - Part"		}
,
		{
			"children": [
				188
			]
			,"matrix": [
				0.9956918,					-0.09272499,					0,					0,
				0.09272499,					0.9956918,					0,					0,
				0,					0,					1,					0,
				-0.248793,					0.271653,					0.02701925,					1
			]
			,"name": "#3-8-Hex-Std-38"		}
,
		{
			"mesh": 119
			,"name": "#3-8-Hex-Std-38 - Part"		}
,
		{
			"children": [
				190
			]
			,"matrix": [
				0.9803826,					0.1971037,					3.497075E-15,					0,
				-0.1971037,					0.9803826,					2.470966E-15,					0,
				-2.941435E-15,					-3.111779E-15,					1,					0,
				0.248793,					0.271653,					0.02701925,					1
			]
			,"name": "#3-8-Hex-Std-37"		}
,
		{
			"mesh": 120
			,"name": "#3-8-Hex-Std-37 - Part"		}
,
		{
			"children": [
				192
			]
			,"matrix": [
				0.9873505,					0.1585528,					4.124479E-14,					0,
				3.617918E-14,					3.483544E-14,					-1,					0,
				-0.1585528,					0.9873505,					2.865848E-14,					0,
				0.248793,					0.271653,					0.02463165,					1
			]
			,"name": "#3-8-Flat-Reg-27"		}
,
		{
			"mesh": 121
			,"name": "#3-8-Flat-Reg-27 - Part"		}
,
		{
			"children": [
				194
			]
			,"matrix": [
				0.9595072,					0.281684,					2.744598E-15,					0,
				-0.281684,					0.9595072,					3.55341E-15,					0,
				-1.632523E-15,					-4.182633E-15,					1,					0,
				-0.223266,					-0.271653,					0.02701925,					1
			]
			,"name": "#3-8-Hex-Std-36"		}
,
		{
			"mesh": 122
			,"name": "#3-8-Hex-Std-36 - Part"		}
,
		{
			"children": [
				196
			]
			,"matrix": [
				0.9997789,					-0.02102636,					4.016259E-14,					0,
				4.166843E-14,					7.117902E-14,					-1,					0,
				0.02102636,					0.9997789,					7.203943E-14,					0,
				-0.223266,					-0.271653,					0.02463165,					1
			]
			,"name": "#3-8-Flat-Reg-24"		}
,
		{
			"mesh": 123
			,"name": "#3-8-Flat-Reg-24 - Part"		}
,
		{
			"children": [
				198
			]
			,"matrix": [
				0.9285714,					0.3711537,					2.420286E-14,					0,
				-0.3711537,					0.9285714,					4.746203E-14,					0,
				-4.884981E-15,					-5.304091E-14,					1,					0,
				0.223266,					-0.271653,					0.02701925,					1
			]
			,"name": "#3-8-Hex-Std-39"		}
,
		{
			"mesh": 124
			,"name": "#3-8-Hex-Std-39 - Part"		}
,
		{
			"children": [
				200
			]
			,"matrix": [
				0.9124584,					0.4091695,					4.561831E-14,					0,
				1.317813E-14,					8.210245E-14,					-1,					0,
				-0.4091695,					0.9124584,					6.952299E-14,					0,
				0.223266,					-0.271653,					0.02463165,					1
			]
			,"name": "#3-8-Flat-Reg-26"		}
,
		{
			"mesh": 125
			,"name": "#3-8-Flat-Reg-26 - Part"		}
,
		{
			"children": [
				202
			]
			,"matrix": [
				-0.09918908,					-0.92365,					0.3701787,					0,
				-0.9659258,					4.284936E-14,					-0.258819,					0,
				0.2390582,					-0.3832372,					-0.8921773,					0,
				-0.4557356,					-0.2126488,					0.7023012,					1
			]
			,"name": "#1-4-Flat-Reg-28"		}
,
		{
			"children": [
				203
			]
			,"mesh": 126
			,"name": "#1-4-Flat-Reg-28 - Part"		}
,
		{
			"mesh": 127
			,"name": "#1-4-Flat-Reg-28 - Part_clonedChild"		}
,
		{
			"children": [
				205
			]
			,"matrix": [
				-0.0510374,					-0.9803646,					0.1904742,					0,
				-0.9659258,					-2.78796E-15,					-0.258819,					0,
				0.253737,					-0.1971934,					-0.9469595,					0,
				-0.4557356,					-0.2507488,					0.7023012,					1
			]
			,"name": "#1-4-Flat-Reg-30"		}
,
		{
			"children": [
				206
			]
			,"mesh": 128
			,"name": "#1-4-Flat-Reg-30 - Part"		}
,
		{
			"mesh": 129
			,"name": "#1-4-Flat-Reg-30 - Part_clonedChild"		}
,
		{
			"children": [
				208, 209
			]
			,"matrix": [
				0.258819,					-3.026218E-13,					-0.9659258,					0,
				1.19746E-13,					1,					-2.812113E-13,					0,
				0.9659258,					-4.288289E-14,					0.258819,					0,
				-0.4557356,					-0.2126488,					0.7023012,					1
			]
			,"name": "#1-4-Hex-Lock-2"		}
,
		{
			"mesh": 130
			,"name": "#1-4-Hex-Lock-2 - Part"		}
,
		{
			"mesh": 131
			,"name": "#1-4-Hex-Lock-2 - Part 2"		}
,
		{
			"children": [
				211, 212
			]
			,"matrix": [
				0.258819,					-3.447802E-13,					-0.9659258,					0,
				8.649379E-14,					1,					-3.337668E-13,					0,
				0.9659258,					2.838622E-15,					0.258819,					0,
				-0.4557356,					-0.2507488,					0.7023012,					1
			]
			,"name": "#1-4-Hex-Lock-3"		}
,
		{
			"mesh": 132
			,"name": "#1-4-Hex-Lock-3 - Part"		}
,
		{
			"mesh": 133
			,"name": "#1-4-Hex-Lock-3 - Part 2"		}
,
		{
			"children": [
				214, 215, 216, 217
			]
			,"matrix": [
				0.258819,					-2.760738E-13,					-0.9659258,					0,
				7.156039E-14,					1,					-2.666381E-13,					0,
				0.9659258,					-1.110223E-16,					0.258819,					0,
				-0.3509766,					0.2072757,					0.2996568,					1
			]
			,"name": "NEMA Label-1"		}
,
		{
			"mesh": 134
			,"name": "NEMA Label-1 - Part"		}
,
		{
			"mesh": 135
			,"name": "NEMA Label-1 - Part 2"		}
,
		{
			"mesh": 136
			,"name": "NEMA Label-1 - Part 3"		}
,
		{
			"mesh": 137
			,"name": "NEMA Label-1 - Part 4"		}
,
		{
			"children": [
				219, 221
			]
			,"name": "0000-3091-1"		}
,
		{
			"children": [
				220
			]
			,"matrix": [
				-0.9659258,					3.444499E-16,					-0.258819,					0,
				0.258819,					-4.281257E-16,					-0.9659258,					0,
				-3.415599E-16,					-1,					3.728243E-16,					0,
				-0.3044763,					0.27305,					0.2041966,					1
			]
			,"name": "0000-3091B-1"		}
,
		{
			"mesh": 138
			,"name": "0000-3091B-1 - Part"		}
,
		{
			"children": [
				222
			]
			,"matrix": [
				0.9659258,					-4.192615E-16,					0.258819,					0,
				-0.258819,					3.428194E-16,					0.9659258,					0,
				-4.937037E-16,					-1,					2.226253E-16,					0,
				-0.3044763,					0.27305,					0.2041966,					1
			]
			,"name": "0000-3091A-1"		}
,
		{
			"mesh": 139
			,"name": "0000-3091A-1 - Part"		}
,
		{
			"children": [
				224, 225, 226, 227
			]
			,"matrix": [
				2.203034E-16,					0,					-1,					0,
				0,					1,					0,					0,
				1,					0,					2.203034E-16,					0,
				-0.302895,					-0.2477471,					0.170964,					1
			]
			,"name": "0000-0810-1"		}
,
		{
			"mesh": 140
			,"name": "0000-0810-1 - Part"		}
,
		{
			"mesh": 141
			,"name": "0000-0810-1 - Part 2"		}
,
		{
			"mesh": 142
			,"name": "0000-0810-1 - Part 3"		}
,
		{
			"mesh": 143
			,"name": "0000-0810-1 - Part 4"		}
,
		{
			"children": [
				229, 230, 231, 232
			]
			,"matrix": [
				0.258819,					3.261829E-17,					-0.9659258,					0,
				3.114903E-15,					1,					8.684046E-16,					0,
				0.9659258,					-3.233525E-15,					0.258819,					0,
				-0.3474905,					-0.225784,					0.2866464,					1
			]
			,"name": "0000-0810-2"		}
,
		{
			"mesh": 144
			,"name": "0000-0810-2 - Part"		}
,
		{
			"mesh": 145
			,"name": "0000-0810-2 - Part 2"		}
,
		{
			"mesh": 146
			,"name": "0000-0810-2 - Part 3"		}
,
		{
			"mesh": 147
			,"name": "0000-0810-2 - Part 4"		}
,
		{
			"children": [
				234, 236, 238, 240, 242
			]
			,"name": "0000-9665-2"		}
,
		{
			"children": [
				235
			]
			,"matrix": [
				1,					0,					0,					0,
				0,					1,					0,					0,
				0,					0,					1,					0,
				5.551115E-17,					-0.2811018,					0.01985645,					1
			]
			,"name": "0000-9665-1"		}
,
		{
			"mesh": 148
			,"name": "0000-9665-1 - Part"		}
,
		{
			"children": [
				237
			]
			,"matrix": [
				1,					0,					0,					0,
				0,					2.449294E-16,					-1,					0,
				0,					1,					2.449294E-16,					0,
				0.0230886,					0.2593086,					0.01985645,					1
			]
			,"name": "Std-SS-CLS-1"		}
,
		{
			"mesh": 149
			,"name": "Std-SS-CLS-1 - Part"		}
,
		{
			"children": [
				239
			]
			,"matrix": [
				1,					0,					0,					0,
				0,					2.449294E-16,					-1,					0,
				0,					1,					2.449294E-16,					0,
				0.188595,					0.2718054,					0.01985645,					1
			]
			,"name": "Std-SS-CLS-2"		}
,
		{
			"mesh": 150
			,"name": "Std-SS-CLS-2 - Part"		}
,
		{
			"children": [
				241
			]
			,"matrix": [
				1,					0,					0,					0,
				0,					2.449294E-16,					-1,					0,
				0,					1,					2.449294E-16,					0,
				0.188595,					0.146812,					0.01985645,					1
			]
			,"name": "Std-SS-CLS-3"		}
,
		{
			"mesh": 151
			,"name": "Std-SS-CLS-3 - Part"		}
,
		{
			"children": [
				243
			]
			,"matrix": [
				1,					0,					0,					0,
				0,					2.449294E-16,					-1,					0,
				0,					1,					2.449294E-16,					0,
				0.0230886,					0.1593088,					0.01985645,					1
			]
			,"name": "Std-SS-CLS-4"		}
,
		{
			"mesh": 152
			,"name": "Std-SS-CLS-4 - Part"		}
,
		{
			"children": [
				245, 248, 250, 252, 254, 257, 260
			]
			,"matrix": [
				-0.005500736,					0.9997741,					0.02052902,					0,
				0.2587606,					0.02125321,					-0.9657077,					0,
				-0.9659258,					3.166956E-10,					-0.2588191,					0,
				-0.4153178,					0.1737709,					0.746021,					1
			]
			,"name": "Latch - Slotted - Non-Locking-1"		}
,
		{
			"children": [
				246
			]
			,"name": "Imported32-1-surface1"		}
,
		{
			"children": [
				247
			]
			,"mesh": 153
			,"name": "Imported32-1-surface1 - Part"		}
,
		{
			"mesh": 154
			,"name": "Imported32-1-surface1 - Part_clonedChild"		}
,
		{
			"children": [
				249
			]
			,"name": "Imported32-1-surface2"		}
,
		{
			"mesh": 155
			,"name": "Imported32-1-surface2 - Part"		}
,
		{
			"children": [
				251
			]
			,"name": "Imported32-1-surface3"		}
,
		{
			"mesh": 156
			,"name": "Imported32-1-surface3 - Part"		}
,
		{
			"children": [
				253
			]
			,"name": "Imported33-1-surface1"		}
,
		{
			"mesh": 157
			,"name": "Imported33-1-surface1 - Part"		}
,
		{
			"children": [
				255
			]
			,"name": "Imported33-1-surface2"		}
,
		{
			"children": [
				256
			]
			,"mesh": 158
			,"name": "Imported33-1-surface2 - Part"		}
,
		{
			"mesh": 159
			,"name": "Imported33-1-surface2 - Part_clonedChild"		}
,
		{
			"children": [
				258
			]
			,"name": "Imported34-1-surface1"		}
,
		{
			"children": [
				259
			]
			,"mesh": 160
			,"name": "Imported34-1-surface1 - Part"		}
,
		{
			"mesh": 161
			,"name": "Imported34-1-surface1 - Part_clonedChild"		}
,
		{
			"children": [
				261
			]
			,"name": "Imported37-1-surface1"		}
,
		{
			"children": [
				262
			]
			,"mesh": 162
			,"name": "Imported37-1-surface1 - Part"		}
,
		{
			"mesh": 163
			,"name": "Imported37-1-surface1 - Part_clonedChild"		}
,
		{
			"children": [
				264, 267, 269, 271, 273, 276, 279
			]
			,"matrix": [
				-0.03635624,					-0.9900849,					0.1356833,					0,
				-0.2562528,					0.1404697,					0.9563487,					0,
				-0.9659258,					2.09316E-09,					-0.258819,					0,
				-0.4155064,					-0.1737117,					0.746725,					1
			]
			,"name": "Latch - Slotted - Non-Locking-2"		}
,
		{
			"children": [
				265
			]
			,"name": "Imported32-1-surface1 2"		}
,
		{
			"children": [
				266
			]
			,"mesh": 164
			,"name": "Imported32-1-surface1 2 - Part"		}
,
		{
			"mesh": 165
			,"name": "Imported32-1-surface1 2 - Part_clonedChild"		}
,
		{
			"children": [
				268
			]
			,"name": "Imported32-1-surface2 2"		}
,
		{
			"mesh": 166
			,"name": "Imported32-1-surface2 2 - Part"		}
,
		{
			"children": [
				270
			]
			,"name": "Imported32-1-surface3 2"		}
,
		{
			"mesh": 167
			,"name": "Imported32-1-surface3 2 - Part"		}
,
		{
			"children": [
				272
			]
			,"name": "Imported33-1-surface1 2"		}
,
		{
			"mesh": 168
			,"name": "Imported33-1-surface1 2 - Part"		}
,
		{
			"children": [
				274
			]
			,"name": "Imported33-1-surface2 2"		}
,
		{
			"children": [
				275
			]
			,"mesh": 169
			,"name": "Imported33-1-surface2 2 - Part"		}
,
		{
			"mesh": 170
			,"name": "Imported33-1-surface2 2 - Part_clonedChild"		}
,
		{
			"children": [
				277
			]
			,"name": "Imported34-1-surface1 2"		}
,
		{
			"children": [
				278
			]
			,"mesh": 171
			,"name": "Imported34-1-surface1 2 - Part"		}
,
		{
			"mesh": 172
			,"name": "Imported34-1-surface1 2 - Part_clonedChild"		}
,
		{
			"children": [
				280
			]
			,"name": "Imported37-1-surface1 2"		}
,
		{
			"children": [
				281
			]
			,"mesh": 173
			,"name": "Imported37-1-surface1 2 - Part"		}
,
		{
			"mesh": 174
			,"name": "Imported37-1-surface1 2 - Part_clonedChild"		}
,
		{
			"children": [
				283
			]
			,"matrix": [
				0.2587606,					0.02125321,					-0.9657077,					0,
				-0.005500736,					0.9997741,					0.02052902,					0,
				0.9659258,					1.885426E-15,					0.258819,					0,
				-0.4484612,					0.215849,					0.7411155,					1
			]
			,"name": "1-PT Cam-1"		}
,
		{
			"children": [
				284
			]
			,"mesh": 175
			,"name": "1-PT Cam-1 - Part"		}
,
		{
			"mesh": 176
			,"name": "1-PT Cam-1 - Part_clonedChild"		}
,
		{
			"children": [
				286
			]
			,"matrix": [
				0.03635624,					0.9900849,					-0.1356833,					0,
				-0.2562529,					0.1404697,					0.9563487,					0,
				0.9659258,					3.594347E-15,					0.258819,					0,
				-0.4484375,					-0.2159565,					0.7410272,					1
			]
			,"name": "1-PT Cam-2"		}
,
		{
			"children": [
				287
			]
			,"mesh": 177
			,"name": "1-PT Cam-2 - Part"		}
,
		{
			"mesh": 178
			,"name": "1-PT Cam-2 - Part_clonedChild"		}
,
		{
			"children": [
				289
			]
			,"matrix": [
				1,					0,					0,					0,
				0,					1,					0,					0,
				0,					0,					1,					0,
				-0.1778,					0.2848864,					-0.0045466,					1
			]
			,"name": "0000-7020-1"		}
,
		{
			"children": [
				290
			]
			,"mesh": 179
			,"name": "0000-7020-1 - Part"		}
,
		{
			"mesh": 180
			,"name": "0000-7020-1 - Part_clonedChild"		}
,
		{
			"children": [
				292
			]
			,"matrix": [
				1,					0,					0,					0,
				0,					1,					0,					0,
				0,					0,					1,					0,
				0.1778,					0.2848864,					-0.0045466,					1
			]
			,"name": "0000-7020-2"		}
,
		{
			"children": [
				293
			]
			,"mesh": 181
			,"name": "0000-7020-2 - Part"		}
,
		{
			"mesh": 182
			,"name": "0000-7020-2 - Part_clonedChild"		}
,
		{
			"children": [
				295
			]
			,"matrix": [
				-1,					0,					0,					0,
				0,					-1,					0,					0,
				0,					-1.665335E-16,					1,					0,
				0.1778,					-0.2848864,					-0.0045466,					1
			]
			,"name": "0000-7021-1"		}
,
		{
			"children": [
				296
			]
			,"mesh": 183
			,"name": "0000-7021-1 - Part"		}
,
		{
			"mesh": 184
			,"name": "0000-7021-1 - Part_clonedChild"		}
,
		{
			"children": [
				298
			]
			,"matrix": [
				-1,					0,					0,					0,
				0,					-1,					0,					0,
